mirror
0
turn
1
two
2 22 640 993 1060 2016 2084 2187 2559 2984
numbers
2 35 118 186 259 323 598 744 845 947 975 1026 1042 1060 1123 1246 1256 1286 1308 1545 1564 1606 1724 1770 1774 1791 1792 1848 1884 1885 1949 2046 2065 2176 2242 2256 2560 2571 2605 2625 2732 2870 2889 2927 2970 3052 3113 3361 3455 3484 3696 3810
limit
3 211 643
taxes
5
consumption
6
finals
7 208
classes
8 2802
plays
10
ludo
10
many
12 210 218 321 567 3033 3294
unattempted
12
problems
12 244 2113 2483 3681
the
13 20 93 95 121 150 152 164 166 174 175 179 220 227 252 254 255 304 313 314 319 346 368 373 383 400 444 451 475 476 559 560 579 620 635 641 645 671 672 673 675 695 706 724 746 795 808 818 839 871 885 892 901 919 930 976 979 1001 1013 1016 1020 1030 1044 1046 1066 1077 1085 1095 1111 1132 1132 1149 1163 1183 1225 1226 1227 1228 1243 1265 1272 1275 1277 1293 1308 1308 1319 1356 1367 1384 1430 1499 1527 1534 1564 1585 1609 1618 1628 1639 1641 1649 1687 1694 1717 1722 1803 1804 1806 1812 1828 1829 1830 1834 1844 1867 1899 1916 1917 1920 1935 1939 1952 1989 2004 2006 2012 2017 2039 2073 2107 2129 2129 2147 2186 2189 2218 2266 2273 2279 2290 2360 2362 2380 2381 2389 2430 2455 2455 2456 2462 2470 2479 2507 2512 2516 2533 2540 2556 2561 2567 2567 2588 2596 2636 2673 2675 2697 2702 2703 2712 2714 2733 2735 2740 2745 2805 2807 2827 2843 2851 2856 2859 2860 2861 2931 2957 2965 2980 2980 3018 3037 3050 3089 3093 3100 3102 3111 3114 3125 3150 3179 3188 3194 3196 3217 3220 3221 3249 3252 3271 3277 3289 3292 3300 3314 3329 3343 3365 3391 3397 3469 3491 3492 3497 3503 3504 3512 3520 3542 3575 3619 3648 3652 3658 3697 3713 3716 3740 3793 3805 3842 3855 3862 3890
score
13 111 152 170 771 838 915 1078 1492 1493 2152 2431 2974 3546
timings
14
ticket
15
rush
15
in
16 47 122 140 155 168 181 187 222 294 377 403 451 476 501 579 592 699 706 712 741 830 866 869 942 1105 1112 1142 1155 1351 1356 1820 1920 1948 1954 1964 2012 2095 2175 2242 2314 2400 2538 2648 2719 2754 2805 2876 2939 3142 3169 3197 3220 3228 3291 3292 3296 3422 3593 3671 3682 3706 3753 3780 3815 3842 3862 3879
chefland
16 47 122 168 403 1954 2538 2876 3268
range
17 344 1086 1178 1832 3372
on
18 28 212 302 310 789 818 863 892 925 1061 1102 1151 1289 1633 1939 1965 2024 2224 2232 2325 2342 2398 2417 2544 2545 2567 2675 2703 2731 2806 2915 2949 3009 3054 3080 3089 3092 3154 3191 3232 3244 3248 3297 3336 3434 3484 3507 3519 3569 3607 3654 3698 3703 3719 3760 3807 3828 3843 3861 3874 3902
time
18 43 51 338 1306 1638 2157 2200 2310 3002
is
19 200 201 452 1494 1547 1827 2015 2389 2498 2530 2578 2894 3012 3047 3267 3606 3619
taller!
19
target
20
of
21 22 35 39 84 105 167 206 237 243 246 351 364 441 480 506 517 548 564 576 598 607 689 690 777 828 903 959 983 1011 1013 1026 1037 1054 1069 1088 1101 1107 1120 1143 1156 1174 1209 1256 1295 1299 1318 1319 1336 1390 1392 1402 1421 1424 1433 1472 1522 1523 1527 1556 1593 1626 1662 1687 1715 1859 1949 1988 2037 2047 2063 2085 2107 2123 2135 2136 2144 2155 2186 2192 2246 2249 2318 2353 2482 2484 2486 2504 2526 2528 2532 2554 2560 2571 2576 2597 2643 2687 2709 2712 2735 2805 2848 2849 2868 2931 2955 2996 3037 3042 3058 3071 3077 3131 3140 3185 3200 3238 3264 3268 3272 3303 3324 3361 3364 3372 3389 3398 3406 3415 3416 3444 3504 3509 3634 3645 3652 3653 3660 3668 3670 3738 3808 3819 3861 3870
king
21 609 825 1104 1527
very
23
1st
23
contest!
23
coaster
24
learn
25
problem
25 107 250 430 466 508 583 700 758 842 855 860 953 1103 1122 1309 1417 1419 1453 1478 1749 1762 1784 1910 2092 2107 2165 2169 2267 2311 2404 2628 2661 2763 2783 2808 2955 3030 3031 3056 3059 3105 3161 3163 3212 3259 3283 3547 3609 3628 3751 3758 3784 3857 3866
solving
25 3872
and
26 32 38 61 64 67 76 80 85 96 99 110 124 128 131 137 139 151 162 178 183 184 188 189 204 221 229 241 253 255 257 262 276 277 283 286 295 298 307 309 312 314 317 330 333 334 335 336 337 341 342 352 353 355 360 361 366 374 380 387 394 406 408 414 417 423 429 434 440 445 453 459 462 468 474 479 481 482 486 488 490 492 494 497 503 508 511 512 513 515 515 523 526 536 537 545 554 555 556 558 563 565 573 576 588 593 596 602 610 611 620 621 622 623 632 636 641 642 643 648 652 653 658 659 660 665 671 672 683 685 688 698 700 703 707 708 716 727 731 732 733 742 743 745 746 748 754 757 763 766 767 768 774 779 781 783 803 813 814 823 826 829 831 832 833 843 845 847 848 850 855 860 863 874 875 892 897 901 902 909 912 914 920 924 928 933 934 935 941 943 945 947 948 956 958 964 975 988 990 991 995 998 1001 1003 1012 1016 1018 1031 1039 1053 1055 1057 1059 1065 1071 1074 1074 1075 1080 1086 1093 1097 1099 1111 1113 1116 1121 1124 1126 1132 1133 1134 1136 1139 1145 1149 1152 1163 1169 1169 1180 1183 1188 1193 1195 1197 1198 1201 1212 1219 1226 1227 1232 1235 1240 1245 1258 1259 1266 1269 1271 1272 1275 1281 1284 1288 1292 1304 1306 1308 1310 1311 1313 1325 1326 1331 1334 1337 1341 1345 1346 1349 1359 1373 1375 1385 1391 1396 1397 1404 1411 1414 1424 1436 1445 1447 1452 1453 1454 1457 1459 1462 1463 1464 1480 1500 1503 1503 1508 1512 1518 1521 1524 1534 1540 1542 1549 1551 1555 1557 1566 1567 1573 1578 1580 1590 1599 1600 1607 1608 1617 1618 1619 1624 1625 1628 1631 1632 1642 1646 1647 1648 1652 1653 1655 1658 1660 1666 1668 1677 1681 1689 1693 1699 1701 1707 1710 1711 1712 1714 1718 1719 1721 1728 1731 1735 1736 1737 1740 1744 1746 1748 1750 1751 1766 1772 1773 1780 1782 1784 1786 1788 1789 1790 1794 1798 1808 1809 1811 1813 1818 1819 1826 1835 1837 1843 1845 1855 1856 1864 1865 1866 1881 1887 1894 1901 1902 1912 1918 1926 1927 1930 1932 1935 1936 1942 1946 1949 1950 1956 1957 1958 1960 1967 1968 1978 1979 1980 1981 1984 1990 1994 2000 2002 2003 2009 2011 2016 2017 2026 2027 2029 2038 2040 2041 2048 2051 2054 2057 2058 2062 2067 2073 2079 2082 2084 2091 2099 2102 2124 2126 2127 2129 2130 2131 2132 2134 2142 2147 2153 2159 2163 2167 2169 2170 2178 2183 2187 2192 2203 2204 2209 2218 2220 2226 2230 2231 2233 2238 2250 2254 2262 2268 2272 2277 2281 2282 2283 2290 2295 2306 2308 2315 2323 2323 2335 2345 2347 2354 2366 2368 2371 2372 2378 2381 2385 2399 2411 2418 2432 2441 2449 2451 2452 2453 2455 2460 2467 2476 2479 2482 2483 2488 2491 2500 2502 2505 2540 2556 2557 2559 2560 2561 2562 2564 2572 2573 2585 2591 2592 2593 2599 2604 2605 2608 2615 2616 2623 2625 2627 2641 2646 2651 2655 2663 2671 2674 2681 2686 2704 2710 2712 2718 2725 2727 2732 2733 2734 2736 2738 2742 2747 2761 2763 2774 2775 2788 2798 2801 2802 2804 2816 2822 2833 2837 2839 2844 2848 2852 2854 2857 2864 2879 2888 2904 2913 2914 2918 2919 2922 2927 2931 2933 2940 2947 2957 2961 2962 2964 2968 2970 2973 2976 2978 2980 2982 2984 2988 2989 2995 2997 2999 3003 3013 3016 3018 3026 3028 3030 3037 3039 3041 3042 3050 3054 3057 3062 3065 3072 3079 3088 3090 3108 3113 3114 3119 3125 3126 3130 3132 3135 3136 3141 3158 3159 3168 3170 3174 3191 3203 3204 3205 3210 3217 3218 3226 3227 3230 3236 3240 3245 3251 3258 3274 3275 3282 3284 3297 3306 3312 3321 3322 3332 3333 3339 3340 3342 3343 3347 3361 3374 3375 3397 3398 3401 3413 3421 3423 3428 3437 3455 3456 3458 3459 3461 3475 3479 3480 3481 3485 3491 3505 3506 3517 3521 3529 3530 3535 3539 3563 3575 3576 3577 3581 3583 3585 3589 3596 3614 3623 3623 3624 3627 3641 3644 3648 3649 3652 3658 3660 3676 3679 3684 3711 3713 3715 3716 3720 3721 3726 3727 3742 3747 3750 3752 3773 3777 3782 3785 3789 3791 3792 3793 3799 3803 3809 3812 3816 3817 3818 3821 3829 3833 3838 3842 3847 3847 3848 3849 3852 3853 3863 3864 3867 3868 3873 3875 3876 3878 3882 3883 3885 3887 3890 3894
brain
26
speed
26
division
27 292 1470 1776 2599 2755 3868 3887
date
28 369
prize
29 817
money
29 463 1893 3217
words
30 1936 2015 3421
health
31
jerry
32 774 826 2585 2892 3506
chase
32 3540
or
34 65 88 207 214 215 216 223 270 285 385 458 527 566 591 605 715 734 750 787 834 966 993 1029 1316 1738 1794 1974 2373 2389 2531 2771 2774 2788 2914 2994 3153 3174 3250 3263 3285 3438 3440 3466 3623 3693 3798
bear
34 1704 3878
max
35 268 2078 2164 2211 2569 3567 3582
three
35 153 353 943 1095 2372 2562
tickets
36 2773
requirement
37 62 418 3653
donation
38
credits
39 252
it
40 88 270 358 424 469 788 835 1768 2021 2049 2088 2252 2389 2664 2701 3043 3223 3326 3532 3561 3586 3617 3636
subscription
41
space
42 1112 3593
one
44 393 469 599 999 1283 1354 1635 2699 3046 3223 3534 3663
more
44 1040 1680 1727 3029
episode
44 2076 2498
decisions
45
points
46 634 925 1840 1871 1886 2354 2469 2575 2742 3091 3225 3401 3439 3482 3533 3549 3574 3625 3757
distribution
48 191 1125 2942 3453
fine
50 70
minus
52 458 3615
min
52 2569 3615 3730
sql
53
finish
54
for
55 225 566 571 835 916 1095 1384 1442 1461 1829 1906 2042 2214 2336 2364 2448 2924 3005 3093 3455 3511 3702 3790
fair
55 1344 2714
pages
56 160 212
game
57 242 263 417 422 465 488 558 633 678 809 861 865 902 1009 1040 1111 1180 1191 1231 1232 1272 1347 1428 1456 1459 1498 1509 1570 1575 1593 1610 1628 1645 1685 1733 1783 1793 1796 1838 1861 1873 1928 2010 2025 2033 2050 2053 2055 2086 2145 2161 2265 2288 2292 2295 2305 2336 2388 2453 2467 2482 2486 2552 2687 2795 2821 2862 2872 2948 2994 3038 3049 3110 3114 3137 3193 3200 3264 3264 3309 3419 3487 3507 3853 3873 3900
deprivation
59
enrolment
60
chapters
61
oranges
64 406
investment
65
not
65 591 787 796 891 2516 3250 3643 3778 3798
population
66
marks
67 282 318 697 3126 3852
complexity
68
hockey
69
design
71 3838
trip
72 1553 2168 2232 2345 2768 3237 3697
tablets
73
reminders
74
friends
75 382 439 768 1689 2564 3661
wire
76
frames
76
coins
77 139 142 206 347 606 902 1322 1344 2127 2419 2740 3168 3353
level
78
home
79 1461
false
80
paper
80 1771 2558 2687
cheaper
81
cab
81
improvement
82
rationals
84
chocolates
85 128 272 1318 2435
control
87 335 582
hot
88
cold
88
cup
90 1829
increment
91 214 1807
charges
92 1291
bucket
93
exam
95 505 3373 3598
guards
96
store
97 491 1743
triangle
98 294 377 440 1094 1557 3766
masks
99
submissions
101 986
bread
102 3411
analysing
103
code
103 1603 1806 2591
discount
104
technex
105
phone
106 1846
trio
108 786
budget
109 3797
instant
110
noodles
110
input
112
test
112 211 245 370 513 647 1132 1442 1625 3726
makes
113
us
113 1161
perfect
113 2447 3124
registration
114
chef
115 249 379 446 636 689 782 846 907 975 1411 1461 1521 1790 1906 2087 2166 2194 2268 2387 2388 2661 2849 3040 3113 3182 3638 3723 3723 3744 3806 3817 3853 3862
airlines
117
iq
119 3841
low
120
at
121 176 349 2714 2850 3196 3314
bank
121
mango
123
truck
123
water
124 189 286 324 1259 1853
flow
124 2769
gp
125
army
126 1566 3050 3825
coupon
130 803
gym
131 3480
average
132 675 2917 3054 3296
match
134 827 1284
cooler
135
dilemma
135 322 873 2618 2666 3459
1
135 371 458 506 581 633 777 826 828 981 1034 1825 2825 3768
sum
136 164 360 396 442 518 724 737 808 811 929 1046 1077 1199 1296 1413 1543 1597 1605 1721 1734 1866 1877 1889 1987 2143 2185 2326 2327 2397 2514 2522 2530 2579 2590 2669 2730 2761 2765 2796 2867 2874 2883 2906 2969 3136 3207 3255 3377 3470 3510 3523 3548 3584 3605 3611 3657 3714 3772
pair
136 278 542 546 791 954 1199 1528 3583 3728
assignments
137
change
138 227 3647 3677
his
140 204 257 342 380 414 593 611 685 698 768 914 920 1462 1607 1718 1750 1813 2067 2131 2220 2262 2372 2476 2564 2591 2763 2848 2864 2976 3042 3065 3132 3240 3342 3375 3455 3459 3589 3660
office
140 2800 3335
season
143
pizzas
144 1037
race
145 219 2206
games
146 229 850 1937
averages
147 2274
setter
148 2955
juice
149
business
149 1795 1814
notebooks
150 642
candies
151 196 512 736 1107 1584 1845 2487 3029 3122 3581
consistent
152
topics
153
ap
154
your
155 402 528 806 3610 3661
to-do
155
list
155 213 476 1020
accuracy
156
conditioner
157
temperature
157
deal
158 887
exit
159
drinks
161 1008
tea
161
bird
162 2273 2789
farm
162
shark
163
tank
163
that
164 2227 2389
to
164 268 338 339 351 432 562 591 844 870 880 976 982 999 1025 1172 1327 1505 1641 1682 1825 1868 1966 2044 2166 2229 2428 2529 2580 2743 2766 2826 2845 2994 3070 3091 3243 3250 3631 3659 3765 3897
same
164 772 2124
value
164 570 839 1328 2007 2114 2996 3215 3246 3477
program
165 1624 3181
round
166 1483 1508
number
167 206 237 558 568 576 690 691 710 720 1037 1039 1111 1174 1209 1225 1227 1230 1687 1715 1717 1883 1940 2051 2122 2155 2225 2294 2302 2882 2897 2941 3206 3295 3329 3415 3491 3509 3738 3848
ones
167 393 921 1195 1221 2588 2734
cars
169
required
169
seat
171
numbering
171 2772
night
172
throw
173
winner
174
tastiness
175
movies
176 2170
2x
176
product
177 350 549 777 1207 1298 1506 2201 2209 2320 2583 2809 2818
thief
178 620 1066
cards
179 1266 3575
winters
181
shoes
182
transformation
183 917 1608 2881
bullet
184
ratings
185 2434
strand
187
a
187 222 270 277 294 351 376 489 576 577 653 794 903 925 942 982 1097 1142 1151 1224 1230 1289 1326 1383 1542 1624 1648 1665 1682 1699 1868 1910 1965 2024 2056 2090 2135 2232 2314 2325 2336 2364 2398 2416 2418 2482 2497 2498 2529 2532 2687 2700 2871 3034 3054 3159 3185 3191 3212 3220 3228 3243 3244 3248 3336 3370 3434 3457 3507 3519 3631 3654 3671 3692 3719 3748 3753 3802 3828 3834 3843 3861 3874 3879
dna
187
row
188 1193 3492 3508 3782
column
188 935
both
188
bottles
189
sort
190 1115 1131 1190 1274 1446 1765 1826 2188 2617 2627 2920 2930 3321 3451 3629 3850 3888
square
192 531 1728 1984 2012 2459 2614 3365 3765
roots
192
ten
193 343
packets
193
high
194
last
195 337 1419 2396 2743
levels
195
jumps
198 1567 2298 3764
distance
199 773 1203 1424 1544 2408 2544 2572 3145 3175 3613 3657 3688 3807 3854
coming
200 2672
my
201 452 3257
serve
201
mixing
202
apps
204
eren
205
offline
207
defence
209
training
209 1338 2214
floors
210 2635
codechef
212
b
215 277 653 1434
fail
216
quadrilateral
217
items
218
acs
220
races
221
cells
222 1012 2174
chessboard
222 789 1930
difference
223 722 987 1050 1317 2374 2412 2576 2880 3368 3730 3858
from
224 1541 2017 2413 3477
origin
224
cheffina
225
colors
226 871
victory
228
four
230 389 2598
books
231 544
lamps
232
minions
233 2460
fast
234
attack
235 441 1101 1827 2409
lowest
236
free
236 539 1427
flips
237 495 1785 3583 3839
battles
238 664 1330
class
239 336 1750 1802
playoffs
241
lead
242 2826
polynomial
243 2860 2982 3460
contest
244 295 553 3132
groceries
246
cutting
247
storage
248
bet
250
bikes
253 3556
bottom
254
face
254
broken
255
string
255 355 410 437 460 475 477 486 489 573 615 689 721 942 1044 1082 1085 1147 1339 1451 1469 1498 1578 1588 1633 1661 1682 1707 1712 1722 1789 1823 1830 1855 1939 1959 1989 2010 2035 2084 2091 2455 2485 2523 2631 2843 2871 2926 2931 2938 3034 3104 3253 3459 3633 3692 3900
court
256
fruit
257 349 3005
stand
257
salary
258 659
preparations
260
ladder
262 3521
block
263 3370
matters
264 2509
production
265 3471
weather
266
gold
267 347 2229
track
269
vowel
270
consonant
270
mixture
271
format
273
mass
274
index
274 2761
quality
275
bulbs
275
ship
276
equal
277 331 393 653 656 801 1320 1836 2428
heat
279 2723
integers
280 1198 3650
vacation
283 310
transportation
283
visa
284
perimeter
285
sports
286
category
287
divisor
288 1967 2472
n
289 561 981
choice
290 505 2520
additions
291 652
serves
293 462
assignment
297 449 2807
evens
298
alcoholic
299
rich
301
island
302 2418
consecutive
303 1998
characters
303 685 735 1998
direction
304 2309 2804 3204
mining
305 1801
league
306 592 1184
placement
307 3213
tests
307 2740
recipe
308 630 727 847 1030 2039 3093 3271 3409
profits
309
ranking
311 367 1654 3612
snackdown
312
stadium
313
hair
314
salon
314
party
315 588 2351 3316
comparison
316
battery
317
holidays
319 1933 2111
contact
320
digits
321 351 576 1152 2411 2440 2931 3361 3667
do
321 2701
i
321 552 1001 1230 1545 3176
have
321
rating
322 1515
-
324 544 864 1240 1293 1521 1892 1959 1961 1996 2387 2410 2630 2740 2856 2926 3008 3329 3330 3443 3532 3694 3768
save
324 324
life
324 1054 1394 1593 2484
ranges
325 1980 2971
fit
328
shots
329
remissness
330
all
331 469 1520 2367 2373 2383 2634 2699 2810 2916 2981 3091 3494
using
331
pairs
331 411 624 631 726 937 998 1081 1234 1282 1402 1490 2369 2384 2432 2680 2813 2861 2902 2907 3011 3140 3275 3322 3324 3371 3378 3509 3731
second
333 3164
largest
333 877 1858
pairing
334 3369 3425
slippers
334 2199
price
335
missing
336
wait
338 835
campus
339
chess
340 876 1407 3538
championship
340
receipt
341
plot
342
vs
343 471 1496 1538 1602 3178 3280 3723
dates
345
video
346
market
349 1973 2334
get
351 3663
multiple
351 534
5
351
interactive
352 1632
contests
352 497 555 3138
old
353 2124
saint
353
questions
353
happy
355 1223
liga
356
rooks
357 3449 3762
you
358 1899 2701 2840
eat
358
squares
359 377 625 1024 1099 1970 3679
please
359
cook-off
361 555
volley
362
scores
362
delay
363
begining
364
era
364
cyberverse
364
spells
366
grid
368 593 731 842 925 1009 1018 1079 1243 1268 1275 2052 2285 2371 2385 2414 2624 2712 2727 3386 3519 3662 3671 3716 3719 3760 3770 3807 3843 3861
cases
370
buttons
371
bulb
371 1136
piano
372 1134
base
373 913 1827
lockout
374
draws
374
light,
375
green
375 2216 3252
light
375 386 955 1648
judges
376
competition
376 1260 1780 3646
with
378 417 470 599 806 908 1187 1270 1554 1791 1884 1945 2166 2294 2388 2397 2687 2758 3482 3638 3778 3812 3862
matches
378
popcorn
380
combo
380
between
382 773 2635
expression
383 792 977 1449 3486 3639
law
384
mmdd
385
boxes
387 551 2347 2362 3331
timetable
388
pronunciation
390
languages
391
solution
392
zeros
393 1423 1894
dolls
394
much
395 2811
scholarship
395
parity
396 456 1351 2674 3006
procession
397
diet
399
stick
400 1260 2915
message
401 2529
own
402
calculator
402 800 1312 2762
new
404 727 1070 1357 2418 2711 2871 3110 3302 3873
tablet
404
removal
405 994 1360 1753 1759 3490
reduction
407 851
subarrays
408 945 952 983 1029 1332 1864 1963 2000 2343 2972 3232 3428
restrictions
409
pan
412
linking
412
balance
413 1326 1421 1653 2081 2859 3124
students
414 2470 3408
recipes
415 775 1350 2904
sorted
416 433 1261 2389 3878
sequence
417 676 841 939 1010 1056 1068 1114 1277 1427 1592 1619 1649 1651 1797 1860 2341 2439 2492 2619 3001 3036 3226 3420 3491 3656 3715
attendance
418
reversal
419
love
420 1118 1859 1961 2135 3553
permutation
421 562 574 694 739 764 794 849 962 1035 1261 1280 1542 1543 1550 1977 2398 2400 2410 2481 2934 3057 3094 3155 3249 3327 3368 3384 3467 3497 3503 3666 3774 3829
card
422 488
friendship
423 1580
testing
423 1048
chain
425 767 2100 3404
weekends
426
ashish
427
policy
428
head-bob
429
protocol
431
heaven
432 741
earth
432
array
433 492 498 560 863 879 906 914 934 1074 1127 1159 1168 1214 1240 1369 1416 1439 1503 1572 1600 1775 1804 1818 1842 1867 1887 1952 1962 2031 2067 2116 2142 2203 2281 2283 2323 2358 2430 2443 2546 2556 2626 2643 2654 2703 2718 2801 2819 3152 3189 3278 3375 3644 3711 3763 3777 3818
stock
434
prices
434 661
ab
435 1359
generator
436 3295
cost
437 2848 3318 3474
queen
441 2948
parities
442 785
finding
443 2804
board
444 1809 1971 2043 2950 2985 3137
table
445 3654
tennis
445
versus
446
away
447
strings
448 453 470 502 536 650 668 1096 1208 1351 1362 1398 1631 1691 1945 2073 2151 2187 2213 2215 2272 2525 2656 2803 2995 3330 3477 3832 3839
johny
450
text
451
score!
452
great
454 1433 1624 2626 3591
run
454 1508 1811
meetup
457
2
458 704 1120 1240 1410 1784 1998 2111 2169 2530 3040 3109 3608 3629
crayons
459
even
460 585 1077 3455 3493
binary
460 498 516 650 866 942 1057 1096 1351 1505 1531 1578 1724 2024 2215 2843 3065 3089 3477 3687
bad
461 1565
elements
461 485 559 1000 1209 1381 3171
modulo
466 1459 2471 2675
recommendation
467
glove
468
where
469 3663
began
469
doof
471
queens
472
puzzle
472 1509 2042 2828 2866 3320 3872 3888
solved
472
!
472 1882
stamps
473 2192
steps
474 699 728 1746 2922
voters
476
pass
478
function
479 709 1346 1405 1422 1486 1697 1900 2072 2207 2423 2489 2532 2782 2831 3366 3437 3488
pooks
480
socks
481
proportion
482
break
483 2856 3224
alphabet
484
robot
487 1076 3631
fruits
490 733 2810
an
492 700 869 1449 2443 2654
moves
493 690 2285
pangrams
494
adjacent
495 1026 1133 2586
palindrome
496 713 758 776 969 973 1021 1084 1122 1161 1212 1372 1807 1966 2173 2329 2332 2677 3527
difficult
497
minimum
499 690 734 795 1405 1679 1772 2766 2777 2848 2959 2973 3008 3038 3194 3377
math
500 1445 2048 2290 3726
data
501 1556 1968 3890
type
501
eid
503
flip
504 1489 2394 3473
piles
506 2482
version
506
opposite
507
sums
507 636 820 889 954 1028 1133 1497 2026 2125 2452 3120 3282 3291 3398 3756
a-b
508 772
dishes
510 514 610 640 1373 1674 1684 1692 2814 2896 3135
modulus
511 2189
elephant
512 536 648 688 941 945 1266 1269 1304 1311 1375 1452 1457 1653 1655 1786 1826 1927 2009 2099 2159 2170 2238 2315 2347 2852 3119 3168 3170 3333
employment
513
cake
517 885 920 1001 1630 1647 2002 2454 3073 3793 3855
file
521
coloring
523 1297 1586 2992 3311 3588 3824
feb
524
operations
525 931 935 1524 2068 2075 2210 3356 3388 3596
segment
526 1180 1426 2589 2675 3170 3377 3391 3569
01
526 1193
plus
527 981 1090 1434 2005
gift
528 874 1285 1539 1712 1760 1912 2087 2135 2497 2793
movement
529 1408
salesman
532 1882 2003
joke!
535
rcb
537
room
538
sequences
539 1080 1688 1762 1769 1779 1915 3033 3149 3187 3645 3738
paja
540
pong
540
flipping
541 3789
weekend
543
groups
545 1878 2314 2984
gcd
546 705 759 798 810 956 1106 1175 1335 1436 1478 1744 1991 2029 2103 2295 2335 2563 2637 3108 3215 3284 3349 3743 3898
products
547 2222 2468
maximum
548 605 839 840 1026 1265 1679 2326 2397 2947 3076 3136 3164 3227 3474
mystery
549
meme
550
by
552 761 946 997 1049 1091 1206 1657 2675 2791 2812 2934 3132 3839
balanced
553 1959 2995 3258
uniformity
554
work
556 968 2509 2580
partner
557
downs
563
matrix
564 699 712 822 824 895 1151 1217 1383 1465 1587 1590 1620 1844 2304 2328 2565 2694 3009 3117 3179 3300 3431 3489 3573 3585 3780 3868 3887
feedback
565
maximums
567
telephone
569
president!
571
balloons
572 1668 2009
asks
574
does
574 2545 3643
exist
574
meal
577
different
578 1042 2918 3171
palindromes
578 770 1177 1443 2258 2736 2989 3201 3539 3676 3817
hills
579 1188 2451
piece
580
operation
581 1057 1437 1604 1720 1995 2774 3008 3209
part
581
system
582 1918 2816
subtask
583
repeat
584
length
585 1034 1270 2899 3389
subarray
585 821 858 953 990 1058 1148 1160 1909 1910 2056 2078 2137 2234 2254 2397 2570 3027 3611
statistics
586
train
587
name
589 706 1352
hacking
590
divide
591 591 1642
fantasy
592
magic
593 1219 2130 2315 2927 3012 3779
batsmen
594
xor
595 797 946 1017 1160 1170 1365 1369 1415 1417 1462 1533 1594 1632 1637 1661 1696 1706 1734 1739 1872 1909 1981 2027 2120 2128 2129 2286 2344 2422 2488 2522 2545 2570 2684 2811 2865 2930 3305 3395 3398 3429 3500 3569 3629 3778 3788 3800
mean
596 639 2110 2905
trains
597
palindromic
598 2628 3000
russ
599
swaps
600 1158 1278 1351 1601 1810 2233 2260 2698 2977 3728 3785
horses
601
dare
602
good
603 739 1366 1735 1779 2272 2589 2718 2734 3059
set
603 940 1758 1984 2600 2722 2851 2853 3141 3284 3500 3660 3672
frequencies
607
codes
608 1288
apartment
611
dues
611
substrings
612 730 765 1537 1896 1913 1941 2066 3133
chefs
613 740 1333 1879 2567 2678 2679 2787 3005 3055
way
613
distances
617 1693 1766 2319 2695 3238 3524
vowels
618
like
619 815 2199
mob!
619
devu
620 1313
subset
621 652 1554 2331 2591 3243 3457 3690 3743
milky
622
cookies
622 1926
secret
623 823 1751 3409
ingredient
623
axnodr
626
challenge
626 1466 2548 2875 3015 3342 3379 3443 3795 3798
requests
627
bricks
629 2008
rice
630
stones
632 757 901 993 2822 3024
fixed
634 665
str
635
ing
635
translations
637
inequality
639 1065
wildcard
641
matching
641 1205 2884 3076 3112 3496 3853
memory
643 3626
dragon
645 2277 3702
scroll
645
big
646 2051 3585
sale
646
permutations
648 989 1211 1475 1880 1895 2293 2352 2596 2835 2909 3090 3192 3197 3270 3580 3896
introduction
651
them
656 751 806 1836 2106 2383 2981
morning
657
commute
657
street
658 2668 3142
food
658 1032 2714
pay
659
icecream
660
villagers
662
lira
663
deposits
665
alert
666
smallest
667 791 1187 3347
prime
667 1310 1956
factor
667 1776
algorithm
669 898 3648
walk
670 1710 2355 3246 3354 3445 3614 3858
right
671 985 1768
triangles
671 1518 1916 2126 2528 2965 3374 3792
meatballs
672 1865
gates
673
multiply
674 1331 2140 2994
quotes
677
jaa
679
equality
681 799 831 852 1501 2164 2592
splits
682 837
pal
683
pattern
684 687 1517 2456
bob
686 1496
common
687 830 1313 2316 2472 2708
bombs
688
distinct
692 1209 1775 2682 3372
sorting
693 1109 1255 1730 1817 1950 1993 2264 2833 3193 3222 3241 3799
tweets
695
language
696 762
daily
698
routine
698
ideal
700
chick
701
crossing
702 1171 1560
lines
703 2016 2577 2602
longest
704 1313 2363 3128
increasing
704 2475 2508 3016 3128
subsequences
704 1201 1458 1662 1735 1782 1922 2218 2491 2764 2935 3014 3086 3128 3367
stipendium
707
apple
708 2593
trees
708 866 1215 1250 2136 2156 2224 2239 2386 2425 2524 2648 2660 2888 2890 3092 3146 3396 3698 3821
lucky
710 1055 2455 3170
voldemort
711
centers
714
this
715 1781
priority
715
parity!
715
ball
716 1918
cups
716
rift
717
hand
718
puppy
719
possible
720 2521
whole
720
weight
722 1262 1487 2784
clear
723
subsequence
724 735 1019 1313 1321 1327 1412 1763 2114 2146 2327 2474 2475 2510 2662 2700 2842 3016 3071 3239 3352 3545
up
725 955 1047 1781 2217 2511 3645
maximize
732
equation
738 1253 1378 2045 3063 3554
tribes
742
median
743 814 1205 1356 1786 1931 2501 3412
cube
745 2123 2733 2776 3842
staircase
746 3235
hits
747
comparsion
748
spare
750 2200
zero
751 1172 1696 1909 2044 3143 3791 3897
difficulties
752
cup-cakes
753
keyboard
754
creation
755 2748
pain
756 996 1726 2706
another
758 953 1103 1122 1513 1762 2076 2267 2311 2628 2808 2930 3056 3105 3113 3259 3609 3628 3629 3758 3788
making
758 969 3833
machine
760 1117 1306 1857 1944 3229 3443 3618 3673
k
761 1503 2125 2477 2812 3071
colored
763 1139 2746 3168 3716
balls
763 893 1197 1281 3018 3220 3702 3837
ground
766
again
769 1484 1760 1882 1910 1925 2557 2578 2626 2939 3074
1s
773 2115
tom
774
game!
774
reaction
778 1182
grapes
779
feeds
780
cats
780 2505
chocolate
781 1907 2004
babla
783
spread
784 1410
bishops
789
doors
793
allowed
796
odd
801 906 967 2655 3640
divisible
802 1657 2303 2790 2791
shop
803 1391 2345 2360
strategy
805 1108
success
806
lcs
807 1087 2953 2988 3830
hates
810 1443
pairwise
811 1766
modular
811 3715
twice
812 3837
coin
813
rankings
813 1051 1701
me
815 3272
deadly
816
sin
816
axis
818
apples
819 1326
ingredients
823 1397
count
828 1574 2541 3527 3707
proxy
829
kingship
832
dogs
833 943
unchanging
834
heights
836
interesting
841 1201 1860
fill
842 2985
left-right
843
bit
844 2118 2796
ballons
848 2134
bored
850
bytelandia
853
friend
854 888 1712 1718 2220 3132
setting
855
slabs
856
halves
857
prefix
858 1367 2026 3473
medians
859 2905
easy
860 1453 1784 2027 2118 3441
ciao
862
minun
863
valentine
864
couples
864
path
866 991 1492 1897 2296 2508 2531 2879 2901 2967 3265 3325 3350 3528 3603 3758
element
867 1187 1283 1742 1858 3706 3760
colours
868 1038 2562
university
869
play
870 2338
directions
875 883
bouquet
877
srrnmieeda
878
no
880 1679 3769
drugs
880
processing
881
barrier
882
alchemist
882
triplets
884 1241
mex
886 951 1129 1301 1823 1975 2105 3056 3105 3655
splitting
886 1049 3560
tricky
887
popular
888
angriness
890
less
891
walking
892
rectangle
892 1583 1887
xority
894
queries
896 1126 1242 1406 1677 1737 1744 1832 1956 2027 2077 2147 2205 2230 2254 2365 2377 2493 2499 2547 2553 2566 2655 2752 2830 2846 2874 2888 2959 2999 3177 3191 3205 3211 3225 3233 3297 3354 3372 3375 3387 3399 3516 3517 3597 3603 3655 3669 3686 3741 3750 3769 3820
dinner
897
learning
898
hungarian
898
nights
899
watch
899
tags
900
substring
903 2363 2808 3562
flex
904
frequency
905 2278
rotation
908 1153 1418 1468 1711
villains
909
pizza
910 1454 1733 1754 2557 2913
flags
911
interview
912 3635
basics
913
hidden
914
alexey
916 2448
pollution
919
some
922 1880
chairs
922 978
relationship
923
pick
924
digit
924 1024 1097 1567 1605 1841 1987 2616 2625
equidistant
925
classification
927
adventures
928
appetizers
930
magazine
932
dividers
933
rainbow
934 1240 2964
planks
936
bracket
939 3001
lemonade
941
dice
948 1856
vegeta
949
travel
950 2310
routes
950 1238 3665
clock
957 2032
matrices
958 1355 2480 3136 3835
knight
959 1033 1101
move
959 1052
divisibility
961 1448 2147 3206 3672
tweedle-dum
964
sentence
965
girlfriend
966
days
968 1914 2330
xor!
970
stage-1
971
concatenations
972
goes
976 985 1986
cinema
976 2231
point
979 1673 1851 2353 2512 3007
values
981 2089 2333 2918
dares
982
be
982 2303
millionaire
982
prefixes
984 1156 1366
left
985 985 3771
correct
986
magical
988 991 1746 1778 1997 2926
jars
988
tournament
992 1477 1943
stone
993 1055 1997 2482 2630 3511
ridges
995
xoring
997
silly
998
stairs
1002
replication
1003
conjecture
1004
hatred
1005
arrays
1007 1424 1736 2130 2473 2559 2735 2886 3127 3188 3424 3494 3680
coke
1008
logic
1011
white
1012 1033 1573 2710 3461
year
1013
deletions
1014 1755
hello
1015
patents
1016
maximization
1022 3162
reconstruction
1023
take
1025 2226
medicine
1025
negative
1029
shopping
1031 1934 1986 2208 3334
family
1036
weird
1040 1126 1455 1763
qualification
1043
kmp
1045
circuits
1048
dynamo
1053 1618
meetings
1059
cartesian
1061
k-primes
1063
n-bonacci
1068
full
1069 1107 3901
passengers
1069
scheme
1070 3240
rectangles
1071 3759 3827
decreasing
1073 1697
subtracting
1074
asum
1075
leaking
1076
sign
1080
fibonacci
1083 1230 2142 2951 2978 3203
construction
1084 1818 2119 2716
lists
1088 3276
guy
1089
c
1090 1502
a_i
1091
crosses
1092
calculation
1093 2251
beautiful
1097 1872 2122 2410 3300
minimization
1098 1629 3287 3360
teams
1100
fibs
1102
constructive
1103
infinite
1105
plane
1105 2325
shuttle
1110
service
1110 1613
votes
1113
parsers
1116
signs
1119 1917 2744
happiness
1121 2938
push
1124
back
1124 1952 3663
small
1127
&
1128 1570 2284 2669 2892 3345
hugs
1128
garland
1130
penguin
1132 1308 2129 2455 2980
scales
1134
inversions
1135 1615 1992 2688 3084 3218 3595
revisited
1135 3269 3854
invention
1136
shoot-out
1137 1324
relations
1138
girl
1139 1513 3312
liquid
1139
potions
1139
xors
1140 1299 3555
uses
1141
social
1141
network
1141 1665 2019 2551 3269 3599
cuboid
1142
doughnuts
1143
organizer
1144
chestnut
1145
press
1146
hiring
1149
event
1149
gifts
1150 2564 2857 3642
boy
1154 3312
chocoland
1155
construct
1161
out
1162 1494 1504 2069
highway
1163
delivery
1164 1233 2405 2587 2622 3877
modification
1167
peaks
1174
substituition
1176
engine
1179
feast
1183 2836
champions
1184
tuples
1185 1287 1450 1646 1756 2437 3531 3601
hunting
1186
damage
1189
cheating
1194
zeroes
1195
couting
1196
disjoint
1199
reversals
1202 3123
obtuse
1204
candlelight
1206
assign,
1209
minimize
1209 1682
ex
1213
retrieval
1214 3604 3895
likes
1216 1779
travelling
1216 2534
divisors
1218 1304 1310 1523 2014 2144 2817 3039 3340
trick
1219 1576
distinction
1220
gameplay
1222
tactics
1222 2275
him
1223
graph
1224 1582 1714 1812 1920 2235 2424 2519 2746 3159 3336 3392 3507 3733 3828 3901
caves
1226
xored
1227
wall
1228 1433 3740
ring
1231
optimal
1234
frogs
1235
movings
1236
split
1237 3317 3448 3761
escape
1238
mover
1245
scoring
1247
position
1247
martha
1248
candidates
1251
pancakes
1252
quadrangles
1254
dinosaurs
1258
laddus
1258
car
1259
password
1263 1751 2436 3720
brother
1267
music
1269
polygons
1271 2063 2071 3028 3258 3291
shot
1273
lineup
1273
towers
1276 1846 3563 3645
football
1284 1525
strip
1289
sweets
1290
perfume
1292
bus
1293
driver
1293 2936
power
1294 2014 2385 3186 3498
factors
1295 1749
segments
1298 1652 2034 2062 2153 2738 3154 3303 3393 3513
tunnel
1302
formation
1303 2223
anup
1307
theatre
1309
order
1311 2962
nim
1314 1799 2518 3781
exercises
1315 2299
union
1316 1392
world
1319 1824 1829 2184 2976 3212 3709
selection
1321 3381
appetit
1323
ii
1324 3793
swap
1325
scale
1326
dumpling
1329
fight
1329
restaurants
1334
wasseypur
1336 3077 3634
red
1337
black
1337 1573 3217
tree
1337 1639 1740 1761 1967 2024 2079 2167 2270 2294 2311 2380 2402 2417 2441 2461 2544 2545 2567 2582 2583 2593 2615 2629 2684 2685 2693 2724 2731 2777 2806 2848 2855 2949 2954 2978 2980 3026 3054 3065 3070 3079 3080 3089 3098 3100 3116 3119 3125 3185 3191 3228 3231 3232 3244 3248 3259 3283 3297 3313 3380 3390 3405 3413 3434 3440 3456 3461 3484 3520 3528 3529 3530 3541 3542 3568 3577 3675 3685 3703 3705 3713 3764 3805 3834 3902 3903
marbles
1340
patients
1341
dimensional
1342 1593
kingdoms
1342
palin
1343
paste
1345
shuffle
1348 1526 1614 1618 1929
police
1349
got
1350
course
1353
who
1354
knocks!
1354
pet
1357
measure
1358
route
1361
those
1362
birthday
1363 1621 1647 2132 2381 2564
present!
1363
guys
1368
denomination
1371
special
1373 2270 2480 2579 2605 2996 3289 3370 3510
fire
1374 3037
bamboo
1375
dream
1377
into
1379 2601 2835
atoms
1379
idlis
1380
equally
1380
blocks
1382 1667 2238
restores
1383 2654
noodle
1384
soup
1384
electricity
1385 3845
counting
1388 1612 1625 1890 2278 2404 2458 2786 3027 3031 3628 3787
probability
1390 2696 3727
winning
1390
sets
1392 1599 2307 2671 3254
polygon
1396 2090
cakes
1396 1473 1875 3727
restaurant
1401 1440 2020 3302
snaky
1403
closure
1404
bananas
1411 1494 2987
electrical
1414
panel
1414
hamming
1424 1544
trouble
1425
unique
1426
arithmetic
1427 1769 2297
progression
1427 3706
reverse
1429
paints
1430
fence
1430 1868 3790
decomposition
1431 2150 3064 3521
spoon
1432
byteland
1433 2739 3790
again!
1434 2685 2688 2806
folding
1435
location
1441
chefsum
1442
wizard
1444
line
1447 1748 2276 2314 3392 3392 3471 3883
exams
1452 2379
pepperoni
1454 2557
device
1455 2864 3394
alcohol
1457
fault
1460
debacle
1462
batman
1463
strange
1464 1524 1590 3079
formula
1464
even-odd
1466
promised
1467
land
1467 2308 2350 2630 2683 2686 2721 3422 3879
returns
1468
iterations
1471
ands
1472
bakes
1473
anxiety
1474
y
1476 2167
hardest
1478
gathering
1479
voting
1480 2816
blimp
1481
soldiers
1482 3306
hash
1486
fractions
1488
mismatch
1491
absolute
1493
handing
1494
faceoff
1496
tangerine
1499
wedding
1500
arrangements
1500
a,
1502
b,
1502
rational
1505
re-orderings
1507
lis
1510 1703 1870 3294 3565 3609 3856
owner
1511
reciprocals
1512
cute
1513
unity
1514
mate
1516
flavours
1520
maths
1521
death
1522
gargoyle
1527
digitsum
1529
trainers
1530
search
1531 3786
stem
1532
alethiometer
1534
exercise
1535
inversion
1536 2257 3551
bharat
1538
atmost
1540
buckets
1541
large
1542 3361
crowd
1547
tomya
1549
add
1551 2994
tables
1552 1670 2996
reversing
1555
equilateral
1557
neighbours
1558 1672 1732 3020
parade
1559 3190
slush
1562
team
1563
day
1565 2875
potter
1566 2933 3037 3576
dumbledore
1566
filling
1568 2852
wave
1569
cook
1570 2113
geros
1571
lab
1571
lost
1572 1769 1855 2067 2430 3072
knights
1573
pushing
1575
spewing
1577
components
1579 2392
chefina
1580 2162 3684
their
1580 2816
princess
1585
over
1587 1850 2684 3386 3494
slopes
1589
output
1591
beauty
1595 2202
nice
1599
sub
1600 2323
piper
1602
hooli
1602
gray-similar
1603
mother
1607
charming
1609
angel
1609
fork
1611
postal
1613
byteknaves
1617
tears
1621
cites
1623
voluntary
1624
3
1626 1880 2791
circle
1628 1811 2378 2403 3730
ever
1630 2763
steroids
1633
loves
1635 2258
islands
1636 3544
websites
1640
build
1641
roads
1641 2228 2826 3184
robbery
1643 3042
blue
1644 2354
flowers
1644 2240 2561
filler
1645
decorating
1647 2445
discussion
1648
gennady
1650
mouses
1655
7
1657
tetris
1658
tic-tac-toe
1660
edges
1664 2158 3092 3337
designed
1665
after
1666 2422 3473
coprime
1672
intervals
1675
driving
1676
diamonds
1680 3044
reunion
1681
monsters
1683 2838
bowling
1685
merging
1686 2060
attached
1691
clique
1693
bridges
1694
variables
1695
expansion
1698
wolf,
1699
sheep
1699
cabbage
1699
cycle
1702 3483
hungry
1704 2449
man
1705
blend
1708
fires
1709
brackets
1709 3819
solutions
1715
cooking
1716 2993 3443 3618
tools
1716
commands
1719
12
1720
equilibrium
1723
uncountable
1725
ways
1725 2249 2943 3308 3436 3842
problems!
1727
asteroids
1731
around
1733
house
1737 1787
broccoli
1738
posters
1741
frequent
1742 3611
candy
1743 1961 2815
measurement
1745
slice
1754
rumbling
1757
bits
1758 2011 2702 3234
about
1762 1792 2817
sufferings
1764
scissors
1771
colouring
1772
anteaters
1773
berries
1778
robots
1780
mix
1783
eggs
1788
random
1789 2015 2203 2371 3330 3614
baking
1795
destruction
1798
dual
1800
area
1800 3899
tunnels
1803
adding
1805
filters
1808
sanskars
1813
walks
1815 2198
terms
1816
circles
1819 2204 3345 3876
labyrinth
1820 2017
bubble
1826 2627
under
1827 2064
prime!
1828
failure
1831 2353
size
1834 1924 2459 2613 3071
gn-theory
1835
pallindromes
1837
paths
1839 2047 2490 2539 3622 3884 3902
leading
1841
caps
1843
plans
1847 2028
chief
1849 3050
ncr
1850
meeting
1851 1908
windows
1854
cyborg
1862
burgers
1863
repaint
1868
find
1872
expectancy
1874
schedule
1876 2799 3704
map
1881
partition
1891 1900 2072 2267 2423 2885 3083 3087 3256 3640 3772
mission
1892 2376 3183
gotham
1892
eraser
1897
reach
1899
end
1899
pieces
1901
progressions
1902 2297 2689 3863
computing
1904
wonderful
1907
adder
1911
golden
1916
binomial
1919 2318 3699
coefficients
1919 2280
height
1921
mode
1921 3085
evil
1923 3422 3723
professor
1923 3649
painting
1927 2059 2940 3804 3864
collecting
1928
surprise
1930
wires
1932
ugly
1935
flower
1935
scam
1938
cycled
1942
cycles
1942 2640 3501
mania
1944
story
1945 3072
planet
1946
f
1946
capita
1947
income
1947
mancunia
1948
x
1949 2085 3778
grouping
1949
mismatches
1953
species
1957
churu
1958 2623
functions
1960 2465 3894
rearrange
1963
queue
1964 2312 2342 3250 3250 3299
tuple
1965
structures
1968
hate
1970 3455 3775
cubes
1970 3058
checking
1972
addition
1976 2986
lcm
1978 2149 2306 2584
subtree
1979 2098 3474
mexs
1979
rods
1982
substitution
1983
goodness
1988
catchers
1990
number,
1991
condition
1991 3791
multiplication
1994 2812
pilgrims
1996
destination
1996
plants
1999 3274
shoppers
2001
chips
2004 2387
leaves
2006 3729
garden
2012 2131 3748 3875
mine
2013
field
2013
just
2015
throwing
2015
escaping
2017
biggest
2020
non
2022
regular
2022
parentheses
2022
sub-sequence
2022
pollos
2023
hermanos
2023
suffix
2026 2210 2426 2682 3174 3214 3763
traversal
2036
chaos
2037
universe
2038
insomnia
2041
may
2042
infinity
2044
inflation
2054
cities
2057 2367
bracket-pairs
2058
best
2061 2220 3325
tower
2061 3446
pressure
2064
stack
2070
k-convex
2071
forest
2074
crossover
2076 2498
seven-segment
2080
display
2080
d
2082
inside
2090
master
2093 2952 3144
clocks
2094
freedonia
2095
concatenation
2096 2401 2543
solver
2097
cover
2098
t-shirts
2099
invasion
2101
ants
2102 3841
alike
2106
representation
2109
development
2112
off
2113
warehouse
2117 3890
notes
2121
recurrence
2124
bags
2127
denominations
2138
necklace
2139
tac
2141
toe
2141
alternating
2143 3620
xommon
2146
floor
2148
energy
2148
icin
2154
sccs
2155
swapping
2159 3691
treat
2160
yoda
2163
study
2166 3142
graphs
2166 2178 2550 3468 3749 3822
medium
2169 3030
grandfather
2171
cleaning
2172
hypercube
2175
airports
2177
diameter
2179
linear
2180
combinations
2180 3416
reversed
2184 2197
clones
2186
topological
2188
beats
2191
collection
2192
detector
2193
oven
2200
letter
2202 2997
favourite
2207
bitwise
2209 2774 3209
replacement
2212 2603
camps
2214
grids
2216
brutal
2218
array!
2227
berland
2228
non-palindrome
2237
spanning
2239 2402 2648 2660 2777 3133 3396 3440 3685
war
2241 2504 3812
maze
2243 2636
recovery
2245 2436 3327
kingdom
2246 3364 3550
exodiastaan
2246
compression
2247
times
2248 2530
charlie
2250
subsegments
2253 2614 2916
pd
2255
farmer
2261
dish
2262 2923
optimally
2263
tax
2266
smart
2273
dens
2277
emp
2279
chip
2279 3435
riffles
2282
burly
2283
lyrics
2284
rearrangement
2287
squarer
2289
analysis
2290
implication
2291
theory
2294 3727
cannot
2300
separate
2300
verification
2302 3460
independent
2307
cream
2312
hour
2313
least
2316
multiples
2316
mincut
2317
coefficent
2318
divides
2320
workers
2322
rubik
2323
servers
2324
everywhere
2337 2653
parking
2339
drop
2340
mst
2346 3621
(easy
2348
version)
2348 2705 2878 3121
socializing
2351
saleschef
2357
circuit
2359
evaluation
2359
biclique
2364
bees
2366
girls
2368
balifornia
2370
hands
2372
resort
2375
hard
2379
school
2379
counters
2382
crispy
2387
not,
2389
question
2389 3126
bombing
2390
vex
2391
poisoning
2393
tour
2396 2877 2976
soccer
2399
shifts
2400
short
2404
gnomes
2406
hostel
2413
gaming
2414
sub-palindromes
2415
clue
2416
gangsters
2420
shift
2422 2893
compare
2427
np
2428
crisis
2429
recovers
2430
granny
2433
buggy
2434
sandwich
2444
matchings
2447
birds
2449
quiz
2453
delicious
2454
popping
2457
hollow
2459
river
2462 3314
gun
2463
cupcakes
2464
needed!
2466
distant
2469
greatest
2472
club
2476 2641 3722
containing
2477
nodes
2477 2638
fives
2478
corrupt
2479
goverment
2479
grux
2481
srijan
2482
primes
2486 3660 3670 3821
hunt
2494 3118
call
2495
saul!
2495
transmission
2496
gets
2497
this,
2498
pie
2500
equals
2501 3693
domino
2502
tilings
2502
cuts
2502 2954
road
2503 2964 3599
book
2506
coconuts
2507
deli-ceilous
2515
problem!
2515
touch
2516
mex!!!
2516
admissions
2517
sweetness
2521
collisions
2526
submatrices
2527 2719
exchange
2528 3806
write
2529
tiling
2533
forward
2534
editor
2535
jar
2536
muluk
2536
tar
2536
zombies
2537
rain
2540
favorite
2552
gcds
2554
closest
2555
amazingness
2560
falling
2567
companies
2568
manhattan
2572 3175
dag
2573 2847 3823
dead
2578
0-1
2582
hexagons
2594
(always)
2596
cyborgs
2597
powers
2601
gordon
2604
ramsay
2604
reproduction
2606
passwords
2607
subtrees
2608 3607
ancestors
2610 2911
crowns
2611
experiment
2612
bribing
2615
virus
2616 3754 3836
xor-or
2618
plan
2620 3307 3430 3721
trips
2621 3281
immune
2625
9
2629
fights
2632
corona
2632
planning
2633
query
2639 2887 2903 3053 3414 3688 3732 3751
hierarchies
2641
d-sets
2642
insertions
2645
photos
2646
covering
2647 3385
killing
2649
battle
2651 2778 2849
arena
2651
leviosa
2652 3576
alternative
2653
vu
2657 3198
heart
2658
vases
2659
constrained
2662
rami
2663
inventions
2663
becoming
2665
uncanny
2665
homework
2666 3013
scheduling
2667
are
2672 2697 3536
bar
2673
jumping
2676 3695
ministers
2681
labeling
2686
sheet
2687
spaghetti
2691 3748
hull
2692 3717 3802 3893
wild
2697
things
2697
but
2699
better
2701
aesc
2704
msu
2704
node(hard
2705
aunty
2707
ancestor
2708
doom
2709
door
2711
stars
2712 3169
partitions
2717 3010
rows
2719 3878
failed
2720
science
2725
impact
2726
spice
2727
borders
2728
upshot
2729
too
2737
colourful
2737
creating
2740
subsets
2741 2946 3078
oveflow
2742
nature
2745
chefness
2747
fever
2749 3559
strikes
2750
combos
2751
composition
2752
overlap
2753
memeland
2754
inexplicable
2756
giant
2756 3472
floating
2756
baby
2756
head
2756
hops
2757
agp
2758
decompositions
2759
blast
2760
coolest
2763
equivalency
2767
quotient
2770
compress
2771
rats
2775
first
2776
codon
2780
vectors
2781 3416 3479 3803
moving
2785
everything
2791
hatter
2797
haircut
2798
center
2799 3358
boring
2802
chamber
2805
secrets
2805
drawing
2821
technique
2823
factoring
2824
rome
2826
noss
2827
meets
2829
cheese
2829
most
2837 2923
energetic
2837
minion
2837
genjiko
2839
what
2840
want
2840
economic
2841
zone
2841 3252
repetitions
2844 3632
invert
2845
olympics
2850
dividing
2854
rules
2856 3809
important
2861
through!
2863
root
2868 3365 3400 3403 3619
lca
2868 2969
convolution
2868
in-xor-able
2873 3157
task
2873 3157 3675 3788
node(easy
2878
humongous
2887
fun
2891 3047 3267 3536 3718 3769
here
2894 3606
ugliness
2895
bfs
2899
movements
2900
dirty
2901
circular
2909
infection
2910
pawns
2912 3266
beerus
2921
dancing
2922
amazing
2923 3443
andrii
2924
tossing
2929
buildings
2932
owl
2933
forests
2937
treeland
2939 3131
interval
2940 3820
safe
2944
judgement
2945
melancholy
2955
alice!
2956
combination
2957 3499
lock
2957
box
2961
strength
2963
acute
2965
semi-palindromic
2966
enemies
2968
corner
2975
pesic
2976
theorem
2979
subtract
2983
equalize
2983
attic
2991
window
2991 3347
node
2992 3289
schools
2993
k-th
2997
country
2998
subsegment
3003
increasings
3003
pending
3013
separation
3017
breaks
3019
ride
3022
has
3029 3748
slays
3032
conversions
3035
goblet
3037
degrees
3041
mars
3042
rock!
3045
goro
3048
kings
3049
chasing
3049
squads
3050
galaxy
3051
unpaired
3055
todd
3061
luigi
3062
progress
3067
royale
3069
remember
3070
constraints
3075 3427
pyramid
3088
cooks
3094 3552
merchants
3095
relatives
3096
rotations
3097
magicians
3099
commutativity
3101
mines!
3102
agents
3103
double
3106
imperfections
3109
polyline
3111
teleportation
3114
article
3115
(hard
3121
thanos
3124
wants
3124
fix
3125
speech
3129
convex
3130 3291 3717 3802
hulls
3130
programming
3132
communication
3134
closed
3141
bake
3142
detective
3150
die
3153
pots
3156
arcs
3158
complete
3159
luck
3160
gifting
3161
potato
3163
weed
3165
having
3166
donuts
3166
arrangement
3167
transfer
3172
dont
3176
care
3176
siroj
3178
ma
3180
chu
3180
shi
3180
figures
3195
disco
3196
thrones
3200
turtle
3202
sigma
3203
leonardo
3205
band
3208
uniqueness
3210
real
3212
tries
3214
bed
3216
arts
3219
box!
3220
through
3221
tulips
3221
equations
3230
finds
3235
dragons
3236
unfriendly
3239
marking
3240 3298
shield
3242
choose
3243
reordering
3245
cat
3251
trap
3251
age
3257 3815
diversity
3261
off,
3262
revisited!
3262
pack
3273
dj
3277
hut
3279
covishield
3280
decrease
3285
shirts
3288
menu
3290
crystal
3292
counties
3293
her
3297 3306 3875
counts
3308
unattractiveness
3310
cucumber
3312
flavors
3315
sad
3322
jewels
3323
edge
3328 3789
guess
3329
locks
3332
cnses
3333
directed
3336
sauron-tetrahedron
3339
close
3341
yet
3341
so
3341
far
3341
halloween
3342
multiverse
3343
indices
3344
tollbooths
3346
hulk
3355
6-tuples
3357
channel
3359
player
3362
oak
3363
ererraveth
3364
totient
3366
extended
3366
bipartite
3369
connected
3370
equivalence
3382
labelling
3383 3725
cowsheds
3397
shuffled
3401
diameters
3406
eating
3407
customers
3415
drive
3418
bike
3423
leisurely
3426
journey
3426
dominating
3428
protection
3430
connectivity
3432
twister
3434
dt
3435
bias
3438
made
3441
all-in-one
3443
hearts
3444
shortest
3445 3758
generation
3450
knapsack
3452
circumference
3454
chooses
3457
fans
3458
fulu
3462
bst
3463
distribition
3464
colorable
3468
flow!
3469
subs
3472
cut
3475
seedlings
3478
horcrux
3481
polyhedron
3485
boolean
3486 3639
planar
3493
deletion
3502
submasks
3504
earthquake
3505
philosopher
3511
landmines
3512
kitchen
3515 3862
updates
3518
subgraphs
3522
geo
3526
xd
3526
solve
3532
ashi
3532
chosen
3534
partytions
3535
color
3543
inveractive
3547
pipelines
3557
guard
3563
dreams
3564
ali
3566
x,get
3567
wheels
3570
cave
3571
wingardium
3576
travellers
3578
bishop
3579
tilt
3587
sister
3589
rangoli
3589
pairings
3590
plain
3591
balancing
3592
euclidean
3593
lg
3597
illusionist
3600
manuls
3602
mapping
3608
gganbu
3610
geometry
3624
address
3626
shiva
3627
rescue
3630
operate
3631
randomizer
3633
straight
3637
fencing
3641
enemy
3643
tire
3643
recursive
3648
hallows
3652
cloak
3652
invisibility
3652
orders
3658
sit
3659
next
3659
each
3659
other
3659
they
3663
together
3663
before
3664
dfs
3664
draughts
3668 3767
pool
3678
mirzapur
3682
restoration
3684
learns
3687
morphism
3689
maxpool
3694
coefficient
3699
faulty
3705
hopping
3708
frictionless
3709
bisected
3709
2-dimensional
3709
cell
3710
isomorphic
3711
sundae
3712
cubic
3713
cracking
3720 3795
working
3721
membership
3722
op
3724
graphs,
3727
loop
3735
tasting
3737
gs
3739
beyond
3740
shuffling
3742
chains
3745
moment
3746
chefcoin
3747
meals
3752
queues
3752
pond
3753
routing
3755
long
3763
mu
3768
comparable
3770
mala
3773
symbo-lis-m
3775
brilliant
3777
sub-rectangle
3780
almost
3782
standard
3784
malaysian
3786
flight
3786
(challenge)
3791 3802 3811 3812 3818 3821 3827 3834 3843 3845 3850 3855 3879 3881 3884 3888 3890 3891 3892 3894
tolerance
3796
sanitization
3797
increase
3800
perms
3801
areas
3808
five
3809
taran
3812
branch
3813
pile
3814
digital
3815
snake
3816
delete
3823
triangulations
3824
station
3826
tours
3831
interleaving
3832
triples
3833
maximum-minimum
3835
cubical
3836
sebi
3838
cpu
3838
300
3841
building
3846
anthills
3846
job
3847
rest
3847
guessing
3848
devtas
3849
maximizing
3856
spelling
3857
snakes
3861
orchestra
3862
ebola
3865
delivering
3866
chetris
3867
bacteria
3869
synthesis
3869
lands
3870
nanobots
3871
jobs
3874
cluster
3874 3880
mysterious
3879
battleship
3882
intersection
3883
serejs
3885
billiards
3885
biased
3886
committee
3886
connecting
3889
computers
3889
dynamic
3893
trigonal
3899
