editorial
0
for
0 150 163 620 663 845 884 914 931 1031 1277 1417 1572 1615 1763 1842 2001 2198 2280 2489 2648 2782 2786 2957 2958 2972 2975 3017
two
0 32 119 174 212 256 257 343 385 441 494 610 708 747 758 896 1064 1067 1082 1095 1110 1187 1201 1334 1335 1349 1358 1396 1472 1505 1506 1516 1536 1549 1590 1604 1844 1854 1914 2094 2096 2172 2272 2299 2300 2304 2308 2359 2523 2524 2618 2647 2702 2704 2810 2844 2923 2987 2988 2991 3057 3065 3066 3278 3325 3327
playoff
1 387 1057 1483 1660 1663
fixing
1 1645 2355
bracket
2 264 286 372 473 623 1032 1463 1542 2015 2991 3041 3042
coloring
2 209 224 225 285 346 788 1087 1186 1260 1362 1363 1397 1459 1579 1580 1846 2313 2384 2608 2722 2738 2885 2886 3138 3251
best
3 616 669 1075 1119 2571 3026
binary
3 120 388 431 444 562 780 818 881 1022 1179 1677 1696 1813 1851 1966 2148 2149 2161 2166 2347 2353 2494 2555 2621 2672 2812 3068 3104 3171 3335 3336
string
3 4 44 120 151 308 309 404 609 732 759 761 780 789 807 830 840 881 943 1009 1010 1013 1022 1046 1244 1430 1477 1515 1563 1603 1658 1661 1677 1679 1686 1794 1814 1879 1917 1952 1966 1993 2063 2074 2103 2143 2189 2190 2347 2349 2353 2376 2403 2421 2431 2433 2455 2521 2585 2612 2621 2703 2743 2793 2876 2885 2886 2894 3038 3068 3095 3226 3277 3335 3336
comparison
4 1265
grasshopper
5 1311
on
5 121 122 124 125 126 239 263 332 499 602 608 945 1029 1160 1161 1177 1178 1189 1193 1215 1300 1307 1308 1703 1791 1852 2092 2191 2377 2475 2508 2517 2543 2698 2720 2805 2897 2903 2908 2933 3003 3111 3201 3202
a
5 105 129 148 149 150 151 163 178 241 314 359 359 366 440 526 527 566 619 677 687 746 759 761 835 886 926 940 1171 1200 1215 1254 1258 1259 1283 1284 1287 1291 1328 1391 1412 1475 1475 1508 1516 1541 1544 1565 1567 1665 1690 1701 1701 1732 1733 1734 1735 1749 1791 1855 2011 2013 2030 2165 2169 2207 2290 2409 2489 2508 2606 2698 2874 2897 2898 2936 2954 2978 3049 3055 3095 3129 3159 3225 3254 3298 3328 3335 3336
line
5 267 416 602 642 1019 2118
ksyusha
6
and
6 7 43 44 45 46 47 48 49 50 63 75 76 90 94 101 102 105 127 136 171 194 195 196 197 198 199 217 219 221 222 226 234 236 240 241 244 245 246 247 248 249 250 251 252 257 294 297 302 324 336 337 338 341 342 345 351 365 366 367 368 369 370 371 372 373 374 375 376 377 378 433 461 511 524 527 537 555 557 558 559 561 567 573 599 600 605 607 618 624 625 648 652 661 664 666 667 668 669 670 671 672 673 675 687 727 730 733 734 735 736 741 760 832 837 847 870 883 890 891 892 893 894 895 896 897 898 909 950 1011 1014 1015 1016 1022 1023 1026 1027 1028 1049 1059 1070 1073 1074 1075 1076 1077 1078 1082 1090 1121 1122 1135 1154 1155 1172 1174 1187 1202 1217 1220 1223 1228 1231 1235 1252 1254 1255 1256 1257 1258 1259 1267 1273 1274 1279 1285 1297 1370 1376 1377 1380 1384 1399 1400 1403 1404 1405 1407 1408 1409 1410 1411 1413 1414 1441 1509 1515 1520 1521 1522 1523 1524 1524 1525 1533 1534 1535 1536 1557 1569 1581 1588 1589 1590 1591 1592 1603 1604 1605 1606 1607 1608 1609 1610 1611 1613 1614 1622 1643 1646 1647 1652 1653 1654 1655 1657 1683 1697 1700 1710 1712 1718 1729 1732 1734 1735 1736 1745 1750 1764 1765 1766 1767 1768 1769 1770 1771 1772 1774 1776 1780 1782 1783 1793 1839 1866 1869 1892 1893 1896 1897 1932 1933 1934 1935 1936 1959 1960 1961 1962 1963 1964 1965 1966 1967 2014 2022 2033 2054 2060 2064 2068 2074 2076 2130 2137 2144 2150 2185 2214 2223 2256 2276 2286 2337 2342 2371 2374 2375 2376 2379 2380 2381 2383 2384 2385 2387 2388 2389 2390 2391 2392 2393 2406 2407 2408 2409 2410 2425 2426 2445 2455 2476 2479 2480 2481 2482 2483 2484 2510 2527 2537 2546 2547 2548 2549 2550 2551 2552 2553 2554 2586 2590 2618 2623 2630 2631 2632 2633 2634 2635 2636 2637 2638 2639 2640 2641 2642 2643 2644 2674 2675 2676 2677 2678 2679 2680 2681 2689 2690 2692 2693 2694 2695 2696 2697 2704 2712 2714 2733 2745 2746 2750 2764 2766 2783 2784 2823 2824 2825 2826 2827 2828 2829 2831 2832 2833 2834 2835 2836 2837 2840 2841 2852 2855 2856 2904 2906 2938 2942 2943 2944 2945 2946 2947 2951 2956 2967 2968 2978 2988 3118 3133 3134 3135 3144 3145 3160 3161 3177 3178 3179 3181 3192 3193 3197 3224 3234 3271 3293 3294 3295 3296 3297 3298 3299 3300 3304 3307 3309 3313 3334 3335 3336 3337 3339
chinchilla
6
ira
7
flamenco
7
round
8 396 452 762 998 2172 2626
dance
8
flipper
9
vlad
10 101 102 241 909 1014
building
10 298 943 1442 1456 2013 2790
beautiful
10 116 169 282 527 684 894 1344 1513 1514 1732 2044 2743 2986 3018 3036 3037 3038 3039 3040 3041 3042 3043 3044 3045
array
10 29 63 94 106 195 217 222 251 336 424 432 485 544 625 649 661 684 693 725 741 744 794 798 834 931 932 935 979 1008 1071 1122 1164 1211 1228 1229 1266 1288 1304 1320 1333 1340 1343 1344 1383 1390 1424 1425 1446 1570 1587 1597 1628 1629 1630 1632 1651 1662 1668 1684 1712 1724 1735 1777 1783 1787 1882 1901 1906 1956 1957 1959 1985 2049 2080 2126 2177 2302 2324 2340 2404 2468 2519 2602 2616 2619 2666 2714 2806 2890 2912 3338
restore
11 106 449 1943 2423 2662 3315
the
11 23 38 43 44 46 48 49 50 69 76 76 77 101 102 106 110 113 137 146 147 151 152 166 169 175 176 177 213 245 262 264 278 290 299 299 307 310 327 333 336 337 338 390 404 407 449 451 465 478 489 499 514 526 528 557 559 602 605 606 607 618 630 668 669 670 709 712 730 733 737 738 762 770 772 777 779 789 799 819 820 828 829 833 849 852 910 917 945 947 973 1006 1026 1049 1060 1061 1062 1074 1075 1077 1079 1081 1086 1139 1153 1177 1178 1189 1206 1212 1219 1229 1242 1244 1253 1275 1276 1278 1291 1293 1296 1300 1300 1303 1307 1308 1354 1364 1383 1395 1403 1431 1449 1460 1461 1477 1509 1509 1510 1530 1531 1566 1571 1587 1588 1590 1591 1592 1593 1612 1616 1672 1724 1730 1738 1739 1740 1749 1751 1806 1811 1814 1816 1830 1832 1834 1837 1849 1871 1874 1891 1896 1901 1927 1928 1951 1956 1957 1978 1987 1995 2019 2035 2035 2037 2049 2051 2051 2062 2091 2099 2109 2127 2133 2134 2140 2143 2185 2208 2217 2237 2250 2293 2301 2314 2333 2345 2423 2425 2426 2437 2446 2492 2493 2517 2521 2522 2531 2542 2550 2571 2573 2582 2584 2585 2616 2650 2662 2703 2719 2747 2763 2807 2812 2814 2830 2832 2833 2834 2837 2848 2871 2876 2894 2896 2904 2906 2908 2928 2929 2953 2954 2957 2958 2980 2997 3021 3061 3070 3103 3108 3110 3115 3118 3118 3129 3130 3142 3143 3158 3159 3160 3160 3161 3162 3177 3178 3179 3181 3195 3198 3219 3221 3227 3235 3240 3252 3266 3291 3308 3310 3334 3339 3340 3341 3343 3344
weather
11
musical
12
puzzle
12 769 1670 1771 1987 1996 2655 2962
zombies
13
combinatorics
14 370 1462
problem
14 78 205 424 442 447 485 491 513 698 732 749 777 779 790 852 888 1120 1171 1184 1221 1225 1236 1328 1388 1457 1641 1778 1835 2120 2121 2147 2181 2187 2268 2304 2405 2671 2744 2762 2771 2772 2774 2922 2924 2975 3039 3051 3062 3116 3208 3249 3320
red-blue
15 16 1315 2065 2920 3028
operations
15 16 500 720 1047 1111 1228 1257 1544 2074 2090 2140 2371
(hard
15 34 48 57 101 124 131 139 146 172 175 183 224 231 268 273 283 337 341 412 435 468 497 504 563 580 586 588 653 666 700 728 739 755 802 853 890 899 1009 1024 1142 1160 1177 1233 1255 1275 1362 1408 1498 1505 1513 1521 1576 1606 1613 1618 1628 1646 1666 1708 1714 1738 1859 1862 1927 2052 2100 2106 2112 2120 2148 2195 2254 2260 2351 2425 2440 2449 2466 2486 2492 2505 2514 2632 2692 2699 2753 2756 2800 2838 2885 2916 2931 2957 3041 3078 3100 3122 3124 3126 3146 3159 3187 3201 3204 3214 3256 3279 3294 3302 3305 3335 3340 3343
version)
15 16 34 35 48 49 57 58 101 102 124 125 126 131 132 139 140 146 147 172 173 175 176 183 184 224 225 231 232 268 269 273 275 283 284 337 338 341 342 412 413 414 435 436 468 469 497 498 504 505 563 564 580 581 586 587 588 589 653 654 666 667 700 701 728 729 739 740 755 756 802 803 853 854 890 891 899 900 1009 1010 1024 1025 1142 1143 1160 1161 1177 1178 1233 1234 1255 1256 1275 1276 1362 1363 1408 1409 1424 1498 1499 1505 1506 1510 1513 1514 1521 1522 1576 1577 1597 1606 1607 1613 1614 1618 1619 1628 1629 1646 1647 1666 1667 1708 1709 1714 1715 1738 1739 1859 1860 1862 1863 1927 1928 2052 2053 2100 2101 2106 2107 2112 2113 2120 2121 2148 2149 2195 2196 2254 2255 2260 2261 2351 2352 2379 2380 2425 2426 2440 2441 2449 2450 2466 2467 2486 2487 2492 2493 2505 2506 2514 2515 2632 2633 2692 2693 2699 2700 2753 2754 2756 2757 2800 2801 2838 2839 2885 2886 2911 2916 2931 2932 2957 2958 3041 3042 3078 3079 3100 3101 3122 3123 3124 3125 3126 3127 3129 3146 3147 3159 3187 3188 3201 3202 3204 3205 3214 3215 3256 3257 3279 3280 3294 3295 3302 3303 3305 3306 3335 3336 3340 3341 3343 3344
(easy
16 35 49 58 102 126 132 140 147 173 176 184 225 232 269 275 284 338 342 414 436 469 498 505 564 581 587 589 654 667 701 729 740 756 803 854 891 900 1010 1025 1143 1161 1178 1234 1256 1276 1363 1409 1499 1506 1514 1522 1577 1607 1614 1619 1629 1647 1667 1709 1715 1739 1860 1863 1928 2053 2101 2107 2113 2121 2149 2196 2255 2261 2352 2426 2441 2450 2467 2487 2493 2506 2515 2633 2693 2700 2754 2757 2801 2839 2886 2911 2932 2958 3042 3079 3101 3123 3125 3127 3129 3147 3188 3202 3205 3215 3257 3280 3295 3303 3306 3336 3341 3344
contrast
17
value
17 515 1452 1899 2073 2530 3329
maximum
18 110 202 203 339 476 648 675 793 899 900 1012 1051 1247 1586 1747 1888 2322 2339 2475 2498 2530 2767 3120 3148 3162
sum
18 93 121 253 256 303 311 429 468 469 523 552 584 592 656 700 701 825 826 1018 1053 1072 1129 1160 1161 1266 1354 1367 1455 1564 1747 1758 1776 1786 1858 1904 1931 1974 2031 2066 2130 2138 2142 2163 2171 2301 2312 2474 2475 2510 2626 2664 2751 2774 2845 2890 3005 3151 3250
new
19 72 594 1144 1205 1221 1258 1665 1949 1980 1996 2281 2290 2381 2452 2549 2567 2799 2942 2943 2944 2945 2946 2947 2949 2953 2968 2969 2973
palindrome
19 33 44 546 925 1037 1708 1709 1788 2664 2699 2700 2756 2757 2771 2843
don't
20
blame
20
me
20 845
hits
21
different
21 279 362 1986 2308 2802
forever
22 2240
winter
22 371 1206
lakes
23
gold
24 1572 1659 1772
rush
24 2331
mr.
25
perfectly
25 926 1777
fine
25
blank
26
space
26 1284 1755 1950
love
27 936 1636
story
27 1578 1657
permutation
28 30 114 310 339 360 377 381 449 454 461 500 515 529 550 616 663 678 696 704 705 707 765 767 797 839 844 853 854 938 1016 1026 1027 1061 1089 1187 1217 1235 1271 1278 1303 1309 1395 1426 1560 1573 1618 1619 1722 1734 1786 1816 1903 2005 2085 2132 2325 2423 2620 2662 2758 2795 2892 2898 2945 3029 3070 3288 3315 3328
swap
28 492 561 675 1114 1149 1810 1932 2337 2590 3146 3147 3265
divisible
29 504 505 1374 1454 2584 2624
copium
30
bus
31 3118
routes
31
centroids
32 2321
partition
33 296 964 967 1154 1329 1677 1705 2003 2080
range
34 35 233 365 1152 1154 2066 2776
sorting
34 35 94 120 361 380 560 582 870 908 1123 1127 1388 1457 1843 1946 2016 2257 2465 3220
counting
36 91 214 480 485 641 938 1058 1084 1299 1917 2307 2671
orders
36
fading
37
into
37 73 758 1822 2082 3067 3128 3302 3303
fog
37
walk
38 51 792 1017 2404 2720 2723
runway
38
running
39 1572 2357 3139
miles
39
dreaming
40
of
40 146 147 148 161 177 241 245 256 262 278 281 299 305 314 352 359 359 440 583 628 638 713 719 739 740 812 824 826 833 999 1053 1062 1062 1064 1065 1082 1209 1231 1354 1364 1371 1391 1401 1402 1403 1415 1433 1437 1448 1449 1470 1481 1516 1519 1544 1595 1642 1702 1730 1731 1747 1758 1849 1871 1882 1891 1904 1924 2031 2034 2035 2037 2040 2046 2051 2081 2114 2142 2155 2185 2193 2204 2208 2211 2217 2218 2219 2220 2221 2222 2223 2224 2258 2299 2301 2314 2327 2333 2359 2370 2394 2474 2483 2575 2576 2582 2583 2591 2626 2636 2709 2751 2769 2786 2845 2846 2879 2900 2957 2958 2971 3004 3027 3072 3181 3193 3252 3266 3291 3322 3325 3328 3347
freedom
40
lunatic
41
never
41
content
41
trust
42
nobody
42 2852 2855 2856
luotianyi
43 44 45 46 47 48 49 50
table
43 226 998 1079 1517 1820 2148 2149 3236
cartridge
45
function
46 592 605 647 1621 1639 1681 2706 2818 2865 2874 3241
xor-tree
47
floating
48 49
islands
48 49 1433
show
50 2563 2777 3111
random
51 513 1171 2061
removing
52 576 2419
graph
52 85 93 149 224 225 239 294 593 702 797 1113 1415 1545 1558 1846 1875 1947 2139 2147 2276 2377 2414 2522 2608 2920 3028 3083 3224 3284
unique
53 872 2055 2084
palindromes
53 127 1186 1547 3104
strongly
54
composite
54 2722
sort
55 69 228 277 383 466 477 703 875 918 1018 1114 1323 1429 1512 1526 1611 1722 2514 2515 2533 3277
with
55 213 319 330 513 565 571 657 674 689 794 798 877 910 1041 1148 1394 1602 1633 1733 1759 2378 2582 2583 2602 2605 2646 2749 2798 2887 2890 3005 3043 3055 3226
step
55
a-characteristic
56
magic
57 58 250 2305 2649 2695 3064 3316
triples
57 58 200 1920 2306 2686 2717
gardening
59
friends
59 369 607 1594 1643 2001 2951 2996
making
60 731 1150 2914 3298
anti-palindromes
60
super-permutation
61
bun
62
lover
62
karina
63
tubetube
64
feed
64
timber
65
rearrange
66 2430
brackets
66 1368 2096 2469
black
67 631 832 1172 2184
cells
67 1300
tear
68
it
68 103 114 178 282 437 452 687 913 965 985 1150 1374 1800 1829 2158 2422 2668 2731
apart
68
subarray
69 202 1088 3010 3063
matching
70 255 646 1136 1155 1970 2366 2532 3294 3295
jojo's
71
incredible
71
adventures
71 873
yura's
72
name
72
willy-nilly,
73
crack,
73
release!
73
roads
74 2286 2335
in
74 98 118 129 677 812 885 983 1075 1159 1244 1379 1855 1979 2030 2165 2250 2314 3015 3095 3139 3158 3203 3235 3285
e
74
city
74 182 418 730 1453 1955 2134 2165 3157
misha
75 652
apples
75
fox
76
complete
76 294 1811 3196 3340 3341
tree
76 113 141 179 196 213 240 260 276 307 314 367 374 415 429 499 527 532 630 687 709 714 795 802 803 823 838 868 945 978 1016 1029 1039 1081 1137 1142 1143 1172 1183 1250 1260 1277 1298 1313 1370 1405 1537 1630 1669 1704 1706 1733 1809 1892 1945 2030 2092 2122 2137 2159 2329 2339 2437 2458 2541 2740 2812 2859 2897 2915 2933 2976 2985 3053 3075 3076 3130 3142 3210 3219 3245 3311
traversal
76
butcher
77
constructive
78
indivisible
79
politics
80
entangled
81
substrings
81 163 488 604 826 1640 2344 2520 2540 2983 3006 3252
half-sum
82
toy
83 2097 2549 2905
machine
83 2678 3136
similar
84 905 2011 2017 2560 3060
polynomials
84
fish
85
almost
86 458 598 621 776 778 1789 1812 1886 3030 3330 3333
increasing
86 522 913 965 1203 2158 3191
subsequence
86 131 132 1237 1419 1573 2104 2435 2494 2495 2530 2538 2544 2665
grid
87 750 1162 1533 1850 2385 2463 2698 3095 3135 3195 3198 3316
reconstruction
87 2347 2621
ian
88 94
visits
88
mary
88
oh
89
no1
89
(-2-3-4)
89
bosco
90
particle
90
xor
91 262 459 475 484 639 710 714 786 930 1162 1238 1325 1408 1409 1470 1534 1557 1881 2122 2277 2742 3003 3245 3321
between
92
communication
95 1444
towers
95 212 389 731 1118 1770 2095 2236 2444
chain
96 678
chips
96 207 879 1791 2749 3140 3283
balancing
97 1008
weapons
97 1267
search
98 221 812 2166 2705 2909 3171
parallel
98 291
long
99 105 681 780 1265 1999 2119 2132 2409 3018
legs
99
coins
100 1015 1581 2235 2902
nice
101 102 1965 2245
paths
101 102 499 755 756 911 1815 1924 2031 2081 2525 2707 2897 3331
is
103 178 687 746 947 985 1096 1287 1749 1800 1829 1983 2202 2731 2903 2954 3049 3129 3159 3194 3211
flower?
103
living
104
sequence
104 116 143 335 373 526 623 624 892 986 1032 1033 1098 1481 1542 1599 1707 2015 2057 2076 2082 2083 2341 2364 2605 2946 3041 3042 3044 3220 3256 3257 3273
umka
105
flight
105
conveyor
107 579
belts
107
insert
108 940
digit
108 865 2264
last
109 2042 2056 2480 2483 2536 2761
number
109 177 265 376 397 416 448 481 509 551 559 690 779 824 846 921 1116 1364 1369 1513 1514 1642 1849 1960 1980 2055 2081 2082 2180 2193 2211 2216 2496 2584 2762 2846 2896 2998 3004 3150 3239 3252 3266 3322
prefix
110 217 227 303 552 647 691 1050 1931 2440 2441 2537 2845 2917 3334
m-tree
111
monsters
112 273 275 1174 2709 2887
climbing
113
make
114 282 432 437 452 468 469 566 913 965 1041 1138 1188 1280 1365 1374 1516 2158 2278 2422 2668 2739 2981 3009 3060 3209 3227 3326
candies
115 137 906 952 1014 1273 1643 2117 2623 2667 2704 2952 3193
prediction
117
traveling
118 698 3291
berland
118 1199 1748 1878 1979 2568 2884 3203 3291
tanks
119
subarrays
121 563 564 595 850 1148 1585 2361
points
122 763 942 973 1054 1496 1575 2075 2811 3007 3131
plane
122 2021
garland
123 2615 2934 2948 2973
minibuses
124 125 126
venus
124 125 126
(medium
125 413
petya,
127 127
petr,
127
unlucky
128
numbers
128 130 241 255 256 504 505 773 1212 1354 1366 1641 1736 1743 1910 2116 2191 2195 2196 2230 2279 2294 2297 2319 2626 2760 2900 2933 3037 3124 3125 3138 3224 3310 3327
playing
129 565 1079 2940
casino
129
lucky
130 381 393 741 1960 2195 2196
addition
131 132 1222 1398 2443 2688 3088
bouncy
133
ball
133 1065 1979 2283
interview
134 205
odd
135 850 1114 1311 1591 1592 1623 1954 1981 2545 2751 2816 2890 2981
queries
135 252 421 430 647 661 760 802 803 903 1137 1217 1313 1387 1711 2100 2101 2241 2276 2740 2840 3043 3076 3185 3249 3276
find
136 1304 1587 2049 2062 2606 3095
replace
136 722 910 1212 1935 2461
grab
137
plus
138 347 1189 1622
or
138 181 270 754 869 923 1129 1198 1216 1737 1931 2105 2510 2816 2859 3121
minus
138 347
gcd
139 140 296 430 474 555 565 977 980 1156 1236 1451 1780 1796 1858 1882 2071 2497 2498 2766
master
139 140 141 142 143 144 145 315 1302
dsu
142
mex
144 503 532 861 1122 1220 1262 1299 1706 1866 2323 2461 2899
walking
145 331 880 1091 2888 2995
survival
146 147
weakest
146 147
there
148 1710 3325
should
148
be
148 809 1744
lot
148
maximums
148 599 810 883 1128 2424 2542 2759
wide,
149
wide
149
place
150
selfie
150
has
151 307 2874 3338
target
151
we
152
need
152 1615
zero
152 253 401 703 804 892 1007 1132 1738 1739 1916 2171 2210 2468 2673 3005
code
153 1171 2990
lock
153 1805 2194
flow
154
control
154 2919
approximate
155
diameter
155 1415 1847 2066
routing
156 1444
accommodation
157
pull
158 2202
your
158 886 1543
luck
158
vaccination
159
lame
160
king
160
settlement
161
guinea
161
pigs
161 341 342 1593
likes
162 317 2373 2732 2735 2736 2737 2738 2883
task
163 304 912 1784 1798 2517 2565 3129 3159
another
164 223 280 325 424 485 491 732 749 1120 1388 1457 1538 1641 1795 1952 2175 2187 2302 2304 2350 2546 2565 2565 2671 2771 2772 2888 2924 2994 3062 3067 3128 3183 3195
n-dimensional
164
chocolate
164 1962 2316
bar
164
gasoline
165
prices
165 3189 3282
way
166 681 1092
home
166 681 1845 2243
music
167 247 1199 1565
festival
167 371 1451 1565 1806
buying
168 2271 2559 2889
gifts
168 188 2355 2837 2951
very
169 946
blanket
169
symmetree
170
dasha
171
nightmares
171
unforgivable
172 173
curse
172 173
remove
174 264 691 915 2054 2356 2781 2993 3343 3344
letters
174 1064 1176 2365 2745 3265
powering
175 176
hero
175 176 401 1951
count
177 180 318 344 388 474 743 829 1416 2600 2603 2747 2773 2807
pairs
177 422 428 749 1043 1247 1484 1618 1619 1624 1642 1849 1924 2047 2327 2394 2394 2560 3139
cat?
178
cutting
179
voting
180 3100 3101
halve
181
subtract
181 1042 2105 2816
union
182 511
hot
183 184 351 631 631
start
183 184 1637
up
183 184 1510 1530
double
185 277 751 875 2821 3288
lexicographically
185 1241
minimum
185 365 398 601 690 1310 1850 1921 1958 1968 1990 2303 2708
equalize
186 1901 3189
by
186 506 1031 1187 1374 1425 1426 1454 1531 1746 1786 2423 2461 2470 2470 2584 2624 2662 3121 3279 3280
divide
186 433 1297 1936 2060 2093 2105 2130 2338 2470 2997 3007 3108
recent
187
actions
187
from
188 761 1508 1909 1916 1987 2588 2589 2596 2597 2598 2599
grandfather
188
ahmed
188
multitest
189
generator
189 2681
shocking
190
arrangement
190 1209
candy
191
store
191 1259
three
192 293 578 718 775 779 1044 1593 1890 2032 2265 2320 2424 2448 2699 2700 2813 2867 2897 2900 2961 2996 3292
sevens
192
showstopper
193
li
194 195 196 197 198 199
hua
194 195 196 197 198 199
path
194 400 478 686 774 804 1086 1347 1482 1602 1850 1990 2293 2748 3096 3276 3286
chess
197 343 402 1486 1532 1610 1678 2182 2209 2331 2372 2384 2449 2450
pattern
198 1970
maze
199 988 1275 1276 2531 2910
strange
200 673 898 1145 1204 1393 1512 1526 1611 1621 1632 1697 1820 1975 1989 2002 2003 2004 2005 2006 2007 2008 2009 2079 2429 2443 2681 2706 2818 3008
colored
201 617 2360 3053
subgraphs
201
set
203 439 1126 1195 1198 1623 1638 1989 2045 2457 2694 2718 3059 3271
asterisk-minor
204
template
204
typical
205 885
removal
206 2328 2362
sequences
206 348 747 1201 1262 1463 1782 2197 2320 2632 2633 2737 2991
blocking
207
explosions?
208
triangle
209 390 710 2363 2690
tea
210 571
tasting
210 325
ideal
211 1361
point
211 233 783 1681 2328 3077
labeling
213
distances
213
factorizations
214
scoring
215
subsequences
215 562 1203 1210 1231 1334 1413 1536 1697 2211 2299 2353 2512 2847 3204 3205
not
216 620 759 1165 1166 1167 1168 1169 1170 1216 1286 1737 1742 1744 1804 2610 2624 2913 3200
dividing
216 811 1641 3128
suffix
217 1712 2090 2854 2961
rebrending
218
velepin
219
marketing
219 2162
moscow
220
gorillas
220
dora
221
fedya
222 2929
yet
223 280 485 491 749 1120 1388 1795 1952 2175 2187 2302 2304 2350 2565 2565 2671 2771 2772 2888 2924 2994 3062 3067 3128 3183
promotion
223
divisors
226 1648 1986 2018 2524 2600 3345
fixed
227 783 1575 2328
permutations
227 318 423 441 895 1207 1416 1609 1625 1759 1964 2396 2732 2969 3184 3322
min
228 1129 1149 1794
max
228 825 1149 1266 1866 1926 2045
stand-up
229
comedian
229
gamingforces
230
teleporters
231 232 1003
update
233 1317 2572
query
233 365
negatives
234
positives
234
distinct
235 821 3185 3199
split
235 622 758 971 1867 2275
prepend
236
append
236
following
237
directions
237
codeforces
238 259 1417 2512
checking
238
tokens
239 2227
timofey
240
black-white
240
pair
241 1119 1124 1269 1600 1707 2492 2493 2769
matryoshkas
242
premutation
243
taisia
244
dice
244 3034
polycarp
245 761 1231 1278 1515 1581 2185
day
245
pi
245
serval
246 247 248 249 250 251
brain
246
power
246 533 923 1080 1091 1516 1933 2010 2333 2364 2576 3135 3212
game
247 263 271 278 295 299 329 352 360 375 417 481 492 543 643 660 739 740 742 805 877 1016 1023 1065 1066 1160 1161 1193 1282 1302 1343 1352 1360 1394 1437 1531 1588 1633 1644 1705 1708 1709 1726 1731 1799 1853 1952 1998 2092 2102 2169 2179 2180 2205 2264 2281 2292 2327 2362 2369 2459 2477 2496 2534 2543 2602 2636 2646 2689 2749 2910 3011 3024 3055 3113 3178 3226 3230 3235 3264
shift-shift-shift
248
toxel's
249
arrays
249 279 480 708 1095 1156 1349 1396 1584 1604 1698 2272 2312 2523 2618 2807 2923 3218
inversion
250 1113 2460
mocha's
251
xor,
252
tree,
252
over
253 526 2163
moving
254 626 879 1995 2811 3283 3301
dots
254
one
257 344 851 1189 1505 1506 1746 1781 2204 2957 2958 2988 2993 3194 3326
treasure
258 969 1099 1100 1101 1102 1103 1104 1105 1106 1107 1108 1109 2051 2407 3272
hunt
258 969 1099 1100 1101 1102 1103 1104 1105 1106 1107 1108 1109
scoreboard
259 2680
colorful
260 896 954 1111 1961 2696
again
260 794 1761 2529 3189 3227 3329
inverse
261 1627 2277 2451
transformation
261 649 921 1515 1817 1903 2083 2431 2433
harmonization
262
axis
263 2342
factorization
265
exponential
266
equation
266 333 3013
cake
267 1049 1051 1749 1838 2954
assembly
267 354 2516
alternating
268 2665
deck
268 269 1795 1889 2207
non-alternating
269
minimums
270 599 883 1044
medians
270 1654 2022 2142 2637
infinite
271 402 919 1126 1896 2748 2895 3056
wooden
272 3217
spoon
272
letter
274 366 614
exchange
274 406 3126 3127 3275
weighed
276
radius
276
ii
277 782 1956
year
278 1144 2799 2942 2943 2944 2945 2946 2947 2949 2953 2968 2969 2973
tournament
280 658 695 1173 1486 1660 3015 3054
matrix
281 363 778 837 1011 1023 1291 1315 1732 1742 1843 1880 1976 2099 2215 2245 2534 2556 2720 2791 3033 3191
differences
281 362 1741 1933 2682
window
283 284
signals
283 284
diverse
285 488 860 3033
insertion
286 1338
rectangle
287 1200 1215 1789 2986
shrinking
287 2806
many
288 787 1233 1234 1596 3122 3123
perfect
288 412 413 414 419 621 707 843 1136 1328 2686 2849 3228
squares
288 680 1223 1868
equal
289 562 566 781 906 1036 1039 1041 1138 1216 1216 1365 2266 2278 2739 3326 3333 3346
frequencies
289
going
290 1845
to
290 401 466 478 566 692 886 1538 1547 1682 1737 1737 1916 1995 2054 2353 2373 2673 2713 2864 2868 3075 3078 3079 3117 3209
cinema
290
projection
291
delicious
292
dessert
292
chairs
293
josuke
294
bit
295 438 1020 2011 2371 2585
guessing
295 350 408 783 1289 1927 1928 3321
hayato
297
school
297 1075 1205 1953
olympic
298
team
298 1279 1678 2790 2881 3228
century
299
xorcerer's
300
stones
300 1121 1394 2984 3182
anya's
301
simultaneous
301
exhibition
301 1929
boris
302
his
302 736 2547
amazing
302 357 2857
haircut
302
least
303
mknez's
304
constructiveforces
304
hall
305
fame
305
maximizing
306 2899
root
306 2575
fallen!
307
flexible
308 309
revisit
308 1191
forbidden
310 1237 2073
flip
311 1830 1834 1893 2068 2440 2441
flop
311
comfortably
312
numb
312
edge
313 421 622 962 1239 2687
reverse
313 869 1018 1115 1135 1226 1323 1563 2068 2161 2337 3183
score
314 2833
quiz
315
emordnilap
316
everybody
317
good
317 428 432 563 564 748 890 891 1043 1354 1545 1684 1735 1736 2361 2403 2422 2891 3009 3124 3125 3138 3252 3269
arrays!
317
parmigiana
319
seafood
319
controllers
320
uniform
321 1686
chemistry
321 405
italian
322
data
322 3114
centers
322
spinach
323
pizza
323
beppa
324
swerchat
324
wine
325
event
325 996
train
326 760 1420 1839 2657 3158
splitting
326 1165
crossing
327
railways
327
teamwork
328
library
329
vittorio
330
plays
330 657 794 798 1733 1759 2372
lego
330
bricks
330 537 2250 2326
boy
331 1650
laboratory
332
pluto
332
human
333
friendly
334
spiders
334 1179
interesting
335 624 656 1292 1578 1639 3010
gardener
336 337 338 1370 3232
capybaras
337 338
segment
340 942 2402 2859 2936 2976
covering
340 1005 1093 2004
magician
341 342
pieces
343 2655 3313
same
344 1371 1372 1741 2582 2625 2719 2893 3030 3200
ice
345 994 3290
fire
345 2258
add
347 688 1239 1781 1936 2054 2117 2816
sign
347 2464
lisa's
348
jumbled
349
trees
349 723 724 813 1006 1700 1702 1870 2752 2950 3171
interactive
350 969 1435
factorial
350 467
cold
351
questions
352
football
353 3143 3154
easy
354 1439 2856
dominoes
355 638 801 1301 1793 2507
bincoin
356
trick
357 876 1841
gaining
358
rating
358 2111 2546 3176
copy
359 359 359 1931 2214
absolute
361 426
rotation
363 934 2494 2532
a+b?
364
hossam
365 366 367 368 369 370
(sub-)palindromic
367
trainees
368
koxia,
371
mahiru
371
koxia
372 373 374 375 376 377 378
theory
376 2762 3160
whiteboards
378
wonderful
379 705 1579 1580
jump
379
partial
380 723 1819
elemental
382
decompress
382
quick
383
greatest
384 1927 1928
convex
384 2169
subtrees
385 901
algebra
386
flash
386
strings
388 431 665 713 751 953 1070 1601 1818 1883 2161 2735 2785 2836 2867 3066 3222 3278
block
389 675
cut
390 510 604 858 1500 1501 1760 1774 2321 2967
mcf
391
decomposition
392
chains
393
hamiltonian
394 1482
wall
394 479 917 1450 2250
notepad#
395
extremely
396
reduction
397 646 697 1175
lcm
398 700 701 980 1036 1993 2405 2638 2938
project
399 1258 2850
manager
399
torus
400
hospital
403
queue
403 1620 3158
guess
404 434 606 789 806 859 977 1395 1541 1566 1738 1739 2542 2600
lab
405
watch
407
videos
407
card
408 543 876 1795 1889 2205 2654 3011 3296
broken
409 2994 3105
keyboard
409 540 1312 2849 2994 3105 3163
access
410
levels
410
doremy's
411 412 413 414 415 416 417 418 419 420 726
paint
411 420 1153 1229 1469 2876 3142 3219 3308 3310
2
411 538 1305 1307 1376 1579 1756 1829 1982 2431 2592
ds
412 413 414
class
412 413 414 419 554 1048 2483 2710
experimental
415
pegging
417
construction
418 439 1146 1418 2943 3087 3271
math
419 1078 1196 1525 1824 2483 3208
node
422 3194
valid
423
bitonic
423
incinerate
425
maximization
426 831 1502
unequal
427 935
adjacent
427 1064 1247 1742 2682 2781
elements
427 1358 1994 2622
are
431 620 984 1372 2570 3325 3348 3349
fun
431 1148
conquer
433
centroid
434 961
anti-median
435 436
connected
437
carry
438
elimination
440 962 1340 2125 2821 2985
ring
440 3291
slavicg's
442
favorite
442 447 790 1726 2057
quests
443
inversions
444 1116 1627 1992
challenging
445 1649
valleys
445 2033
advantage
446
atilla's
447
medium
448 2855
all
450 458 821 851 892 1372 2719 3166 3330
possible
450 3090
digits
450 1564 1803 2301 2474 2605 3199 3308
humanoid
451
thermostat
453
lost
454 693 924 1026 1664 1668 1669 3338
yes-yes?
455
decent
456
division
456 1187 1859 1860 2000 2131 2351 2352 2952 3067 3279 3280
tick,
457
tock
457
multiples
458 576 1933 2370
=
459 864
average
459 1242 1807
sseeeeiinngg
460
ddoouubbllee
460
kevin
461 2385
technical
462
support
462
minecraft
463 717
series
463
n
464 1775 2624
machines
464
beach
465 2425 2426
wish
466
i
466 809 936 1716 1957 2598 2599
knew
466
how
466 1596
divisibility
467 506 2744
nonzero
468 469
binarystringforces
470
doping
471
majority
472
cost
473 593 1586 1779 1794 1898 2170
complementary
475
substring
476 927 1487 2056 2362 2705 3183 3235 3343 3344
indirect
477
distance
478 958 1142 1143 1272 1389 1557 1658 2118 2342 2366 2518 2601 3030 3132
cactus
479 1441 1804 3014 3177
death's
482
blessing
482
cowardly
483
rooks
483 887 1209 2296 2669
circular
484 636 857 868 988 2442
reversal
484 781 1690 2189
constructor
486
zero-sum
487
prefixes
487 600 686 1683 2270 2427 2895 3261
ultimate
489 852
square
489 1084 1224 2069 2167 2338 2510 2562 2567 3148 3225 3240 3324
list
490 2002 3181
generation
490 2063
ban
493 493 1270
groups
494 824 1359 1635
olympiad
495
training
495 993 1357 3299
kazaee
496
joking
497 498
rebellion
501
maxmina
502
vs
503 861 980 1083 1281
med
503
2^n
506
traffic
507
light
507 2229 3240
even-odd
508 639 1998
increments
508 955 1220
replacement
509 919 1819
antifibonacci
510
intersection
511 2798
ftl
512
tests
513 2975
save
514 1373 3221
magazines
514
password
516 2393 2528
orray
517
smaller
518
scuza
519
coprime
520
stripes
521
kirill
524
company
524 3297
multi-colored
525
segments
525 860 1062 1392 1410 1546 2025 2051 2213 2350 2400 2646 2662 2746 3122 3123
sending
526
network
526 1055 1294 2181 2473 2942 3187 3188
masha
527
minimize
528 910 1116 1389 3070 3103
thickness
528
funny
529 1640
compare
530
t-shirt
530
sizes
530
arranging
531 1740
crystal
531
balls
531 674 1448 1961 2114 2373 3027
manipulation
532
dangerous
533
laser
533 650 1474 2194
conditional
534
mix
534
hanging
535
hearts
535
knowledge
536
cards
536 877 1633 1832 1834 2001 2386 2974 3237 3267
bags
537 674 2032 3193
jumbo
538
extra
538
cheese
538
factorise
539
n+m
539
design
540
cleaning
541 1978 1984 2332 2651 3097 3133
robot
541 677 847 1191 1194 1261 1273 1307 1308 1341 1721 2019 2048 2098 2888 2995 3081 3088
reset
542
k
542 1710 2022 2739 2957 2958 3016
edges
542 915 1243 1277 1874 1939 2399 2420 2428 3251
recovery
544 795 2119
immobile
545
knight
545
addicts
546 547 548 549 550 551 552 553
anti-increasing
547
connectivity
548
balance
549 586 587 855 1318 1832 1837 2644 2872 3151
even
551 595 971 1013 1148 1280 2086 2475 2511 2519 2774 2816 2913 2913 3096
glory
553
ela
554 555 556 557 558 560
takes
554 597
dancing
554
prime
555 2018 2167 3167
goes
556
hiking
556 1523 1872
wiring
557
wizard
557 2034
crickets
558
ela's
559
fitness
559
luxury
559
books
560 1946 2466 2467 3126 3127
take
561 1541 1543
b
566 2978
pebbles
567
beads
567
house
568
planning
568 922 2788
meta-set
569
phase
570
shift
570 1560
tangerines
571
working
572
week
572
zeros
573
ones
573 1918
rectangular
574 2128
congruence
574
slime
575 2632 2633 2634 2635
escape
575 1275 1276 3293
smallest
576 2356
bright,
577
nice,
577
brilliant
577
select
578
sticks
578 2491
zero-one
580 581
parity
582 2582 2625 2992
shuffle
582 1197 2007 2065 2526 2979
rule
583
league
583 3040 3072
consecutive
584 942 1367
location
585
sheikh
588 589
ugu
590
bestie
591
valiant's
594
map
594 975 1676
kill
596 1139 1713 3166
demodogs
596
joey
597
money
597
sorted
598 1812 1935 2662 2682
suffixes
600 1683 1909
notation
601
meeting
602 897 1427 1485
planets
603
kirei
605
linear
605 1312
cycle
606 1037 1922 1972 2708 3332
size
606
restaurant
607 1352 2803
jumping
608 1383 1582 1687 3069 3246
tiles
608 1842 1988 3268
decode
609
elevators
610
illumination
611
fishermen
612 2157
red-black
613 1369
pepper
613
picking
614 2692 2693
digital
615
logarithm
615
balls:
617
revisited
617
mainak
618 624 625
bleeding
618
polygon
618 1467 2558 2610 2611
certain
619
magical
619 744 842 2490 2491
party
619 706 885 1287 1342 2009
late
620
work
620 2208
(submissions
620
allowed)
620
jatayu's
623
balanced
623 901 926 1192 1487 1905 2330 2666 3168 3169 3170 3171 3172 3173 3174 3175 3176
both
626
hands
626
lemper
627
cooking
627
competition
627 2354 2357
kingdom
628 967 1433 1434 2697 2805
criticism
628
journey
629 1971 2691 2788
imitating
630
key
630 748 3020
white
631 832 1172 2137 2767 3259
garage
632
field
633 768
photography
633
electrical
634
efficiency
634
deducing
635
sortability
635
mirror
636 750 1244
basketball
637
together
637
accumulation
638
l-shapes
640
rectangles
641 1397 2360 2367 3346
word
643 2721
colourblindness
644
spell
645 2695
check
645
min-max
649
deadly
650
image
651
paintings
652
xor-subsequence
653 654
corners
655
burenka
657 663 666 667
fractions
657
fighting
658
mathematical
659 1398 2058
circus
659
chip
660 676
burenka,
661
an
661 716 749 1013 1239 1456 1882 2714 3338
impressionism
662
tonya
664
burenka-179
664
fibonacci
665 1130 1827 3039
traditions
666 667
madoka
668 669 670 671 672 673 1073 1074 1075 1076 1077 1078
first
668
session
668 1357
university
669
corruption
670
scheme
670 2162
formal
671
statement
671
underground
672
competitions
672 2780
thoughts
673
move
676 1932 2064 2469
hallway
677
2-3
679
moves
679 1034 2617
crop
680
2+
682
doors
682 718 1090
monoblock
683
crossmarket
685
build
687 696 1303 1460 1909
that
687
modulo
688 1559 1775 1943 3012
10
688
color
689 712 2373 2653
occurrences
689 872 1458 2265
varied
690
everyone
692 2154 3049
loves
692 1698 2734
sleep
692
cross
694 930 1087
swapping
694 863 1778
countdown
695 1465
optimal
697 774 964 1338 1808 3204 3205 3275
salesman
698 1835
triameter
699
empty
702
woeful
704
recover
709 716
rain
711 2258
picture
712 2511
multiset
713 2345 2609
rorororobot
715
rbs
716 1355 1915
also
717
try
717 1725
difference
719 720 725 1968 3141
gcds
719 2893
bugaboo
721
virtual
723
dfs
724
iq
726
qpwoeirut
727 730
vertices
727 1495 1574
chopping
728 729 937
carrots
728 729 2198
minimization
732 865 1120 1426
mark
733 734 735 736 737 738
online
733 1336 3249
exam
733 1060 1937 2956
professor
734
koro
734
lightbulbs
735
unfinished
736 909
essay
736
dust
737
sweeper
737
photographer
738
ai
739 740
mio
741
colouring
742
seconds
743
virus
745 2233
luke
746
foodie
746
0-1
747 3152
key,
748
bad
748 1650 1657 2363 2760 2817 3273 3282
about
749 1641
satisfying
749
inequality
749 898 1717
cypher
752
icpc
753 1379
balloons
753
yes
754
yes?
754
passable
755 756
equate
757
multisets
757
sets
758 2017
cheap
759 1919 3081
writes
761
memory
761 1508 2639
down
762 951 1511 1527
price
762 831 2957 2958
text
764
editor
764 3047
restoration
765 1483 2302
schedule
766 2768
management
766 1158
grass
768
serega
770
pirate
770
river
771
locks
771
helping
772
nature
772 3221
palindromic
773 871 1482 1912 2525 3331
days
775
grace
775
triple
776 956
deletions
776 1064
third
777 779
ternary
778 2341 2612 2742
permutationforces
782 928
3sum
784 817
closure
784
rising
785
sand
785 1666 1667
mixup
786 1492
too
787 1233 1234 3122 3123
constraints
787
awoo's
790
promo
791
parkway
792
product?
793
fishingprince
794 798
placing
796 2669
jinas
796
nit
799 800
destroys
799
universe
799
orz!
800
ambiguous
801
circle
805 1093 2102 2313 2481 2508 2709 3347
subrectangle
806
paranoid
807
creep
808
might
809
wrong
809 1056 1222 1608 3201 3202
outermost
810
decinc
811
keshi
812 1287
amshz
812 1283 1285 1699
fake
813
plastic
813
directional
814
increase
814 1088 2214
gambling
815
2^sort
816
deque
818 1425 1426
clock
819 2392 2613
where's
820
bishop?
820
marathon
822 1913
k-set
823
geq
825
shoe
827
shuffling
827 931 932 2541
beat
828
odds
828
trains
829 1202 2091
shifting
830 1429 1930 2507
stripe
832
restoring
833 1816 2795
duration
833
tasks
833
decrements
834
print
835
pedestal
835
(codeforces
835
logo?)
835
andfinity
836
lena
837
infected
838
mystic
839
lex
840
manipulating
841
history
841
patchouli's
842
talisman
842
cirno's
843
bitmasks
843
classroom
843
koishi's
844
unconscious
844
become
845
big
845 1112 1698 1776 2317
cute
846
sanae
847
giant
847
railway
848 1418 2238
system
848 1062 2787 3161 3242
enchanted
849 1880 2955
forest
849 1442 1653 3203
everything
851 2151
everywhere
851
but
851 2913
lis
852 869 2841
weight
853 854 1062 1081 1707 2687 3120
bring
855
linguistics
856
local
857 1128 1958
minimax
857 1692 2922
hard
858 1092 1801 2208 2852
euclid
859
diff
861
traps
862 3055
column
863
z
864 2596 2597 2598
mod
864 1041 1063 1934
x
864 2589 2599
c
864
mcmf?
866
unordered
867
swaps
867 1464 2076 2418 2529 2618
spanning
868 1137 3245
lis?
869
indices
871 2448
labyrinth
873 966 1432
required
874 2471
length
874 1796 2299 2370
lenient
878
vertex
878 2127
cover
878 963
dog
880 2087
robots
882 1290 2698 2782 3097
formalism
884 884
dorm
885
toss
886
coin
886 1548
graph...
886
defenders
887
stone
888 1192 1644
age
888
avtobus
889
tokitsukaze
890 891 892 893 894 895 896 897 898
01-string
890 891
gems
893 2696
subsegments
894
tapes
896
crossings
899 900
white-black
901
longest
902 1446 1972 2841 2843
strike
902 1351
eating
903 952 3084
x-sum
904
most
905 2538 2619
words
905 1029 1827
lucky?
907
pancakes
908
business
909 1069
previous,
910
vertical
911
detective
912
food
914 2803 2889
animals
914
directed
915
desktop
916
rearrangement
916
breaking
917
a-b-c
918
dictionary
920
anti-theft
922
road
922 1180 2020 2673 2713 3087 3285
xor?
923
arithmetic
924 1047 1651
progression
924 940
basis
925 1085 2582 2583
string?
926 1224
subtle
927
subtraction
927 2141 3167
zigu
929
zagu
929
checker
931
notepad.exe
933
cyclic
934 1455 2178 2396 2465
aaab
936
log
937
preorder
939
dolce
941
vita
941
jee,
944
you
944 984 1551 2397 2489 2570 3348 3349
see?
944
hemose
945 1379 1381 1382
suspicious
946
where
947
pizza?
947
dorms
948
war
948
prof.
949
slim
949
maximal
950
fall
951
2-letter
953
stamp
954
odd/even
955
division?
957
social
958 1294 2518 2942 3187 3188
direction
959 2591
change
959 1213 2968 3071
yin
960
yang
960
probabilities
961
half
963 1371 2070
queen
963
job
968
lookup
968 2232
fancy
970 2336
stack
970 2971 3218
deletive
972
editing
972
connect
973
budget
974
distribution
974 2642 2833 2880 3169
admissible
975
minimizor
976
infection
978
cloning
979
technique
979 2290
cross-language
981
program
981 1822 1991 2098
six
982
characters
982 3185
every
983
generation...
983
safe?
984
rated
985 1829
-
985 1579 1580 1829 2577 2578 2579 2580 2581 2592 2593
3
985 1470 1982 2581
mike's
986
who
987 2854
tested?
987
drone
989
photo
989 1754 1940
bottle
990
arrangements
990 1498 1499
il
991
derby
991
della
991
madonnina
991
pandemic
992
restrictions
992
camp
993 2652 3299
cream
994 3290
shop
994 1208 1907
boundary
995
gastronomic
996
antennas
997
evolution
999
weasels
999
european
1000
trip
1000 3117
toys
1001 2218
organizing
1002 1565
swerc
1002
narrow
1004
components
1004 1151 2846 3004
progressions
1005
water
1006 2059 2566 2872
getting
1007
promising
1009 1010
shifts
1011 2178 2465
product
1012 1775 2266 2303 2322 2900 3244 3326
strikes
1012 2449 2450 2929
back
1012 2449 2450 2929
get
1013
vasya
1015
and-mex
1017
empire
1019
flipping
1020 1152 2464
red
1021 1524 1750 2014 2223 2805 3311
versus
1021 2039
blue
1021 1524 1750 2014 2223 3311
juju
1022
gojou
1023
388535
1024 1025
shinju
1026
marin
1027 1028
anti-coprime
1027
photoshoot
1028
star
1030 2334
mst
1030 1038 1780 1811 3152
gamers.
1031 1031
deletion
1032 1586 1915 2180 2190
xy
1033
integer
1034 1245 2459 3018 3103 3131 3239
neighbour
1035 2054
ordering
1035 3077
subsets
1036 2163
parametric
1038
sums
1039 1088 1231 2845 3334
k-good
1040
operation
1042 2429
snowy
1045
mountain
1045 1337 2776
minimal
1046 1423 1898 2159 2562
xoration
1046
potion
1048 2333
brewing
1048
alice
1049 1376 1377 3078 3079 3177 3178 3179 3181
removals
1050 1851 3173 3174
tastiness
1051
tower
1052 2269 3034
defense
1052
matchings
1053
nearest
1054 1513 1514 1681 2992
excluded
1054
fault-tolerant
1055 1886
prove
1056
him
1056
shortcuts
1058 2067
vitaly
1059
advanced
1059
useless
1059
algorithms
1059
rescheduling
1060
twist
1061
nested
1062 2685
div
1063
+
1063
passing
1065
avenues
1067
air
1068 1598 2842
reform
1068 2020
serious
1069 1567
tyler
1070
integral
1071
weird
1072
laziness
1073
sixth-graders
1074
russia
1075
childish
1076
pranks
1076
elegant
1077
gift
1077 1638 2606
dad
1078
around
1079 1291 1582 1724 1751 2522 2871 3291
board
1080 1307 1308 1791 1967 2517 2617
factorials
1082
powers
1082 2093 2808
quality
1083
quantity
1083
expand
1086
anti-fibonacci
1089
keys
1090 1745
special
1094 1271 1366 2085 2428 2620 2622 3184
positions
1094 2475
anonymity
1096
important
1096
repetitions
1097
decoding
1097
great
1098 1631 1951 2333 3227
posters
1110
brush
1112
birthday
1117 2009 2260 2261 2866 3112
andrew
1121
parts
1123
closest
1124
cars
1125
differential
1127
avoid
1128 2115 2309
additions
1130
fair
1131 1663 2000 2297
share
1131
finding
1132 1452 2036 2127 2291
okea
1133
fortune
1134
telling
1134
concatenate
1135
them
1138 1365 2278 2981 3060 3314
monster
1139 2368 3062
minority
1140
div.
1141
7
1141 2577
concert
1144
test
1145 1196 3201 3202
roof
1146
abc
1147 1879
bipartite
1150 1211
expected
1151 1452 2267 3329
middle
1153 1190 2710
download
1157
more
1157 1373 1992
ram
1157
spaceship
1158 3031
crisis
1158
groceries
1159
meteor
1159
town
1159
peculiar
1163
movie
1163 2878
preferences
1163
meximum
1164
escaping
1166
adding
1167 2808
assigning
1168 2775 2868
sitting
1169
shading
1170
martial
1173
arts
1173
spells
1174 2359
minor
1175 1183
equidistant
1176 1574
cats
1177 1178
upgrade
1177 1178
optimization
1180 1425 1801
elementary
1181
particles
1181
ancient
1182 2225 2379 2380 2548
civilization
1182
interacdive
1184
masha-forgetful
1185
ap
1188
subset
1189 1841 2147 2323 2350 2774 3005 3120
duplication
1190
cleaner
1191 1194
heaps
1192
ranges
1193
quadratic
1195
decrease
1198 2301
construct
1200 2521 2703 2812
airplanes
1202
weighted
1203
instructions
1204
hike
1206
hidden
1207 1346 1734 1964 2492 2493
integers
1208 1594 2304 2751 2813 3016
stable
1209 1635
galore
1210
exact
1213
ba-string
1214
triangles
1215 1240 2089 2603
unusual
1218 1976 2780 3284
minesweeper
1218
let's
1219 1872 2980
play
1219 2980
hat?
1219
year's
1221 1980 1996 2056
cubes
1223 1904 2257
trader
1225
singers'
1227
tour
1227 1453
missing
1230
bigram
1230
christmas
1232 1853 2950
chocolates
1232
impostors
1233 1234
paprika
1235
keep
1238 1242 1935 2852 2855 2856
low
1238
just
1239 1434 2939 3021 3129 3159
tricolor
1240
small
1241 3278
enough
1241 1804
high
1242
representative
1243
diversity
1245
reindeer
1246
games
1246 2136
legondary
1248
grandmaster
1248 2553
purple
1249
crayon
1249
x(or)-mas
1250
menorah
1251
it's
1252 1701 1701 1701 2724
non-zero
1252 2213 2869
closing
1253
gap
1253
divan
1254 1255 1256 1257 1258 1259
cottage
1254
kostomuksha
1255 1256
bitwise
1257 2100 2101 2305
crazy
1261
poisoned
1263
dagger
1263
absent
1264
remainder
1264 2171 2468 2471 3320
armor
1267
messages
1268
x-magic
1269
chat
1270 2298
atm
1274
students
1274 2927 2997 3065 3108 3347
weights
1277 1353 2351 2352 2663
assignment
1277 2687
recovers
1278
composition:
1279
programmers
1279
mathematicians
1279
mashtali
1281 1700
atcoder
1281
squid
1282
wins
1283
bet
1283
mashtali:
1284
oddysey
1284
g.o.a.t.
1285
quite
1286
lee
1286
throwing
1287
kalindrome
1288
anti
1289
light's
1289
cell
1289
pushing
1290
stroll
1291
sections
1292
william
1293 1296
oblivious
1293
complex
1295
market
1295
analysis
1295
vigilant
1296
multiply
1297 1622 2470
alphabetic
1298
paper
1300 2239
banquet
1305 1306
preparations
1305 1306
1
1306 1308 1377 1580 1775 1982 2433 2593 3209
blue-red
1309
extraction
1310
arena
1314 1923 2224
banknotes
1316
files
1317
ab
1318 1945 1947
palindorme
1319
equalizer
1320
treelabeling
1321
dominant
1322 2174
character
1322 3146 3147 3254
a.m.
1324
deviation
1324
specia-lis-t
1325
era
1326
october
1327
18,
1327
2017
1327
artistic
1329
extreme
1330 2141
extension
1330
moderate
1331
modular
1331 2564
mode
1331
di-visible
1332
confusion
1332
divine
1333
sorts
1335
phys
1336
ed
1336
difficult
1337
frog
1339 1687 2770
traveler
1339
factory
1341 3210
organization
1342
bob's
1344
desert
1345 1449
fortress
1346
shortest
1347 1602 2841 3332
mars
1348
bubble
1350 1351 2231
popping
1350
staircases
1356 3144
delete
1358 1874 2936
computer
1360 2548
farm
1361 1699
rubik's
1362 1363
cube
1362 1363
imposters
1364
riddle
1367 2035
changing
1368 3074 3102
mice
1373
25
1374
elections
1375 3025
recoloring
1376 1377
bored
1378
bakry
1378 1380
?
1379
partitioning
1380
shopping
1381 2146
gamer
1382
through
1383
omkar
1384 1399 1400 1403 1404 1405 1652 1653 1654 1657 2387 2388 2389 2390 2391 2392 2393 2479 2480 2481 2482 2483 2484
mosaic
1384
poachers
1385
non-equal
1386
neighbours
1386
frequency
1387 2120 2121
eversion
1390
life
1391 1403 1731 2292 2636
flower
1391 1907 2906
eligible
1392
lcs
1393
tours
1399
time
1400 1606 1607 2678 2864
travel
1400 1682
defender
1401
childhood
1401
dreams
1401
moment
1402
bloom
1402
meaning
1403
determination
1404
heavenly
1405
windblume
1406
ode
1406
kuzya
1407
homework
1407 1462 3098
korney
1408 1409
korneevich
1408 1409
pchelyonok
1410
vupsen,
1411
pupsen
1411
0
1411
grandma
1412
capa
1412
knits
1412
scarf
1412
luntik
1413 1414
concerts
1414
cqxym
1416
problems
1417 3292
maintenance
1420
mathematics
1421
curriculum
1421
portal
1422
coverage
1423 2473 3082
stabilization
1424 1597
(and
1424
productive
1427
ticks
1428
casimir's
1430
solitaire
1430 3031
mind
1431 2919
rays
1435
higher
1436
order
1436
functions
1436 2079
chance
1437
framing
1438
pictures
1438
scheduling
1439
dragon
1440 1461 1475 2689
curve
1440
lady
1441
her
1441
cing
1441
trails
1442
anti-tetris
1443
challenge
1444
managing
1445
telephone
1445
poles
1445
deconstruction
1446
knitting
1447
batik
1447
jeopardy
1448
dropped
1448
illusions
1449
holiday
1450
ornaments
1450
eye-pleasing
1453
park
1453 1456 2574
twenty-five
1454
amusement
1456
strongest
1460
slay
1461
regular
1463 2015 2810 3093
stations
1466 3262
bridge
1468
club
1468
book
1471 3281
railroads
1472
physical
1473
examination
1473
beams
1474
battle
1475 2252 2648 2786
against
1475 2154
kotlinforces
1476
fix
1477 2397
sweepstake
1478
rhyme
1479
epic
1480 1817
novel
1480
comparisons
1481
inconvenient
1484
jury
1485
one-four
1488
overload
1488
non-decreasing
1489
dilemma
1489 2043 2133
expression
1490 2058
evaluation
1490 3297
error
1490
carrying
1491
conundrum
1491
mexor
1492
domino
1493 1576 1577 1852 3017 3170 3300
disaster
1493
xor-quiz
1494
four
1495 2025 2075 2587 2984
movement
1496
buds
1497
re-hanging
1497
seating
1498 1499 2135
max-mex
1500
min-mex
1501
median
1502 1711 1926 2555 2776
tubular
1503
bells
1503
rescue
1504 2253
niwen!
1504
hundred
1505 1506
twenty
1505 1506
rings
1507
scenes
1508
miracle
1509
sleeper
1509
strip
1510 1530
(simplified
1510
deep
1511
below
1511 1527
simply
1512
infinity
1517 2392
who's
1518
opposite?
1518
dislike
1519
threes
1519
mocha
1520 1521 1522 1523 1524 1525
stars
1520
diana
1521 1522
top-notch
1528
insertions
1528
bottom-tier
1529
reversals
1529 3168
charmed
1531
assiut
1532
ezzat
1533 1536
moamen
1534 1535
k-subarrays
1535
diy
1537 2948
gates
1538 2587
world
1538 1751 2786 2871 3129 3159
sports
1539 1806
betting
1539
equilibrium
1540 1779 2861
compressed
1542
places!
1543
variety
1544
boring
1546 2176 2205 2241
say
1547
no
1547 1992 2292 2292 2717 3155
rows
1548
tables
1549 2232
pizzaforces
1550
diane
1552
mikasa
1553
cobb
1554
cherry
1555
stairs
1556 2263
common
1558 2427 2435 2998 3345
divisor
1558 1981 2707 3059
pairwise
1559 2424
backspace
1561
penalty
1562
perimeter
1566 3149
referee
1567
telepanting
1568
colors
1569 2417
intervals
1569
differentiation
1570
maximize
1571 1814
intersections
1571 2402
stringforces
1583
excellent
1584
manhattan
1585
gregor
1588 1589 1590 1591 1592
pawn
1588
cryptography
1589 2817
painters
1590
cows
1591 1592
(hard)
1591
(easy)
1592
little
1593 1670 2716
have
1594
web
1595 2960
lies
1595
paths?
1596
(gcd
1597
conditioners
1598
co-growing
1599
programming
1600 3129 3159
alphabetical
1601
obstacle
1602
aquamoon
1603 1604 1605 1606 1607 1608 1609 1610 1611
stolen
1603
potatoes
1605
stop
1606 1607
coordinate
1608
final
1612 2145
pursuit
1612 1694
rpd
1613 1614
rap
1613 1614
sheet
1613 1614 3259
pink
1615
slips
1615
customising
1616
track
1616
exciting
1617
bets
1617
abnormal
1618 1619
priority
1620
pleasant
1624
pretty
1625
tasty
1626 2569
dishes
1626
converging
1628 1629
graphs
1631
pricefixed
1634
song
1636 2037
contest
1637 2782 2891 3045 3061
figure
1645 2591
erase
1646 1647 2847
extend
1646 1647
deleting
1648 2319
cliffs
1649
akmar
1652
diluc
1655
kaeya
1655
prinzessin
1656
der
1656
verurteilung
1656
transfer
1659
unstable
1661 2619 3277
reodering
1662
nodes
1664
beginning
1665
falling
1666 1667 2875
alawn's
1670
histogram
1671
ugliness
1671
colour
1672
flag
1672
pawns
1673 2472
excursions
1674
submatrices
1675
biome
1676
forming
1678 1685
searching
1679 1958
sweets
1680 3084
bertown
1682
teams
1685 2446 2702 3067 3128 3289
a+b
1688 2629
(trial
1688 2629
problem)
1688 2629
turing's
1689
award
1689
what
1690 1983
bingo
1691
secret
1693 3048
santa
1693 2972
putting
1695 2250
plates
1695
decimal
1696
sifid
1697
eshag
1698
hagh
1700
bird!
1701
no,
1701 1701
plane!
1701
aaparsa!
1701
tranquillity
1702
kavi
1703
pairing
1703
duty
1703
parsa's
1704
humongous
1704
then
1710
were
1710
oolimry
1712
anton
1713 2715
potions
1714 1715
hate
1716 2237 2544
1111
1716
mean
1717 2870
goblins
1718
gnomes
1718
assimilation
1719
iv
1719
armchairs
1720
collisions
1721
potion-making
1723
hopping
1724
booking
1725
crypto
1727
lights
1727 3309
love-hate
1728
compression
1729 2111 2497
expansion
1729
lord
1730
values
1730
nastia
1732 1733 1734 1735 1736
nearly
1736
go
1737 1872 3111
go?
1737
k-th
1738 1739 1899 2624 2743
sheep
1740
ordinary
1743
do
1744 2151
distracted!
1744
chests
1745
off
1746 2274
products
1747 3212 3266
regional
1748 3045
lie
1749 2954
beans
1750
fly
1751
starry
1752
night
1752
camping
1752
reunion
1753
group
1754
explorer
1755
fillomino
1756
morning
1757
jogging
1757
2050
1758
baby
1759 1761 1773
ehab
1759 1761 2537 2763 2764 2766
partitions
1761 2758
agaga
1762
xooorrr
1762
tit
1763
tat
1763
phoenix
1764 1765 1766 1767 1768 1769 1770 1771 1772 2639 2640 2641 2642 2643 2644
diamonds
1764 2683
bits
1765 1830 1837 3313
odometers
1766
earthquake
1767
computers
1768
socks
1769
ehab's
1773 2536 2761 2762
hyper
1773
apartment
1773
stick
1774 3064
0,
1776
imperfect
1777
peaks
1783
short
1784 2520
education
1785
corrupted
1787
a-b
1788
spy
1790
detected!
1790
chainword
1792
colorings
1793
review
1797 2658 2990 3092
site
1797
king's
1798 3286
japanese
1799
rated?
1800 2731
fiber
1802
shape
1802
button
1805
height
1807 2159 2719
encoding
1808
calendar
1809 2401 2490
pass
1810
literature
1813
remaining
1814
triangular
1815
double-ended
1818
mysterious
1821
language
1821 2185 2225
again,
1821
seriously?
1821
l
1822
break
1822 1944 2203 2285
encoded
1823
message
1823 2827
cakewalk
1825
xenolith?
1826
hippodrome?
1826
dmca
1828
dj
1831
vu
1831 2853
2-coloring
1833
travelling
1835
3-coloring
1836
napoleon
1838
alexey
1839
cupboards
1840
jumps
1840 1999 2078 2315 2770
bathroom
1842
chandeliers
1844
cuts
1847
chaotic
1848 2907
merge
1848
windowsill
1852
houses
1854
bananas
1855
microwave
1855
planar
1856 3149
reflections
1856
box
1857 2116 2202 3207
fitting
1857
square-free
1859 1860
genius
1861
k-lcm
1862 1863
m-arrays
1864
meximization
1865
it!
1867 2939
qingshan
1869
daniel
1869 3133
bfs
1870
garden
1871
sun
1871
diamond
1873
miner
1873
a-z
1875
dogeforces
1876
1d
1877
sokoban
1877
crossword
1878
enormous
1881
k-beautiful
1883
planet
1884
lapituletti
1884
anti-knapsack
1885
database
1886
genius's
1887
gambit
1887
width
1888
swimmers
1890
ruler
1891
zoo
1891 1896 2295
yuezheng
1892
ling
1892
dynamic
1892
switch
1893
magnets
1894 2660
fib-tree
1895
zookeeper
1896
pekora
1897
trampoline
1897
largest
1899
old
1900
floppy
1900
drive
1900
accidental
1902
victory
1902
remainders
1905
dense
1906
demonic
1908
invasion
1908
painting
1910 1948 1956 1957 3153
dogecoin
1911
doubles
1912
problemsolving
1913
policemen
1914
y
1916
dinner
1919
pythagorean
1920
ties
1921
cat
1922
paired
1925
payment
1925 3071
eastern
1929
stacks
1930
floor
1934 2216 2480
vabank
1938
useful
1939
skyline
1940
playlist
1941 3172
basic
1942
diplomacy
1942
prison
1944 2203 2285
fence
1948 2013 2246 2336 3056 3099 3227
colony
1949
navigation
1950 2787
clubs
1953
mineral
1954
resource
1954
continuous
1955
nezzar
1959 1960 1961 1962 1963 1964 1965 1966 1967
symmetric
1959 2215
bars
1962
tournaments
1963
beatmap
1965
lanterns
1969
simple
1972 2081 2610 2611 2836 2988
inflation
1973
k-divisible
1974
beauty
1975 2643 2884 3328
advertising
1977
agency
1977
phone
1978
4
1982 2580
...
1982
it?
1983
destruction
1985
future
1987
replacing
1994
capital
1995
correct
1997 2045
placement
1997 3268
housing
2006
definition
2008
sockets
2010
ceil
2012
divisions
2012
waste
2016
selection
2018 2545 3022
tiling
2021 3089
hobbits
2023
full
2024
turn
2024 2064
firecrackers
2026
berpizza
2027
bakery
2028
lais
2029
distinctive
2030
roots
2030
hills
2033
orz
2034
sphinx
2035
satisfactory
2036
solutions
2036
sirens
2037
euclid's
2038
nightmare
2038
apollo
2039
pan
2039
13th
2040
labour
2040
heracles
2040
canine
2041
poetry
2041
minute
2042
enhancements
2042
bovine
2043
my
2044
madness
2044
plan
2046 3243
lectures
2046
busy
2048
dungeon
2050 2442 2650
close
2052 2053
tuples
2052 2053 3244
level
2059 2711
summarize
2060
events
2061
spruce
2062
nim
2067 2434
latin
2069
glass
2070
spilled
2070
row
2071
xor-ranges
2072
ping-pong
2077
bid
2084
auction
2084
harder
2086
snacks
2087 3307
checkpoints
2088
cancel
2091
editorials
2094
radio
2095 3262
blocks
2097 2699 2700 2747 2783 2875 3001 3302 3303
nullify
2099
equality
2103 3012
non-substring
2104
multithreading
2106 2107
communism
2108
struggling
2109
contestant
2109
capitalism
2110
errich-tac-toe
2112 2113
steel
2114
trygub
2115
catching
2123
cheaters
2123
knapsack
2124
rearrangment
2126
polyline
2128
team-building
2129
delivery
2133 2170
saving
2134
kids
2135
differentiating
2136
black,
2137
grey
2137 2204
transpositions
2139
identify
2140
buy
2143
cheat
2144
win
2144
inoi
2145
contests
2145
greedy
2146
olha
2150
igor
2150
yurii
2151
can
2151
powerful
2152
ksenia
2152
engineer
2153
artem
2153 2716
valerii
2154
specific
2155
tastes
2155
andre
2155
death
2156
dbms
2156
emotional
2157
chef
2160
monocarp
2160
complicated
2164
computations
2164
bandit
2165
reorder
2168
reducing
2170
dances
2172
districts
2173
connection
2173
piranha
2174
bookshelf
2175
apartments
2176 2193
zero-xor
2177
rogue-like
2179
neural
2181
match
2182
used
2183
markers
2183
friday
2184
gods
2185
selling
2186
hamburgers
2186
dag
2187 2860
realistic
2188
gameplay
2188
whiteboard
2191
barrels
2192
rotary
2194
fruit
2197
rabbits
2198 2844
bouncing
2199 2283
boomerangs
2199
abbb
2200
belted
2201
rooms
2201 3144
billion
2204
shades
2204
xum
2206
unshuffling
2207
paparazzi
2208
cheater
2209
avoiding
2210
rock,
2212
paper,
2212
scissors
2212
impressive
2217
harvesting
2217
orchard
2217
huge
2218
boxes
2218 2905 3078 3079
animal
2218 2838 2839
flamingoes
2219
mystery
2219
excitation
2220
atoms
2220
danger
2221
mad
2221
snakes
2221
captain
2222 2407 2409 2410
knights
2222 3229
our
2223
faculty!
2223
greed
2224
years
2226
bubblesquare
2227
milutin's
2228
plums
2228
switches
2229
lonely
2230
cup
2231
hypothesis
2231
growing
2234
flowers
2234 2453
5g
2236
antenna
2236 3082
does
2237
anyone
2237
else
2237
wind?
2237
duan's
2238
valuable
2239
wakanda
2240
minlexes
2242
returning
2243
bargain
2244
swedish
2247
heroes
2247
hexagons
2248
palindromifier
2249
xorwice
2251
lemmings
2252
nibel!
2253
pokmon
2254 2255
army
2254 2255
rock
2256 3211
lever
2256
decryption
2259
sage's
2260 2261
killjoy
2262
damage
2267
trash
2268
mortal
2269
kombat
2269
negative
2270
torches
2271
copy-paste
2273
showing
2274
k-amazing
2279
cakes
2280
clones
2280
plus!
2281
xor-gun
2282
repainting
2284
street
2284
ramen
2286
solo
2287
mid
2287
oracle
2287 2584 2585
shurikens
2288
perform
2289 2814
easily
2289
sasuke
2291
thorny
2293
poman
2294
grime
2295
peaceful
2296
in-game
2298
platforms
2300 3069
rainbow
2306 2309 2367 2384
clusterization
2307
cycles
2309
searchlights
2310
discrete
2311 2315
acceleration
2311
egor
2314
republic
2314
dagestan
2314
centrifugal
2315
bunny
2316
vova
2317
ahahahahahahahaha
2318
link
2321
cancellation
2324
forgery
2325
tag
2329
bitstring
2330
spring
2332 2651 3133
trek
2334
distributed
2339
mere
2340
mercenaries
2343
x-prime
2344
clear
2345
zigzags
2346
rpg
2348
protagonist
2348
similarity
2349
boats
2354
controversial
2358
rounds
2358
types
2359 3325
juggling
2365
invaders
2368
stoned
2369
boboniu
2371 2372 2373 2374 2375 2376 2377 2378
banknote
2374
collection
2374 2733
jianghu
2375
walks
2377
chats
2378
du
2378
twilight
2379 2380
scroll
2379 2380
(harder
2379
(easier
2380
rarity
2381
dress
2381
pinkie
2382
pie
2382
eats
2382
patty-cakes
2382
applejack
2383
storages
2383
dash,
2384
fluttershy
2384
zs
2386
shuffles
2386
pies
2387
landslide
2388
duck
2389
bed
2390
wars
2390
waterslide
2391
505
2395
suborrays
2398
directing
2399 2420
bicolored
2400
ambiguity
2401
uncle
2406 2408
bogdan
2406 2408
projections
2406
flint
2407 2409 2410
country
2408
happiness
2408
voyage
2409
crew
2410
recruitment
2410
viruses
2411 2784
village
2412 2413
(maximum)
2412
(minimum)
2413
joker
2415
mixture
2416
columns
2418 3305 3306
leaves
2419 2543
a-good
2421
merger
2423
koa
2425 2426
gamegame
2432
sequential
2434
origami
2436
majestic
2437
brown
2437
snake
2437
mastermind
2438
unmerge
2439
merging
2444 2457
berserk
2445
fireball
2445
create
2446
universal
2447
solution
2447
genealogy
2451
passenger
2452
trams
2452
choosing
2453
dubious
2454
cyrpto
2454
acacius
2455
cubic
2456
lattice
2456
modification
2458 2793
swapsort
2460
element
2462 2993
extermination
2462
neighbor
2463
reading
2466 2467 3281
2,
2470
6
2470 2578
pluses
2476
minuses
2476
01
2477
donut
2478
shops
2478
modes
2479
baseball
2482
completion
2484
raging
2485
thunder
2485
asterism
2486 2487
grid-00100
2488
cookie
2489 2569
odd-even
2495
barelee
2499
deadlee
2500
tediouslee
2501
rationallee
2502
accuratelee
2503
fashionablee
2504
breadboard
2505 2506
capacity
2505 2506
lamps
2508
ski
2509
accidents
2509
and,
2510
c+=
2513
flying
2514 2515
necklace
2516 2552
jog
2522
shovels
2527 2559
swords
2527 3258
secure
2528
solve
2531
trouble
2533
x-or
2535
corollary
2536
mexs
2537 2764
socially-distanced
2538
xxxxx
2539
rotating
2540
johnny
2546 2547 2548 2549 2551 2552 2553 2554
drop
2546
hobbies
2547
james
2550 2551
chase
2550
megan's
2552
contribution
2554
a/b
2556
spy-string
2557
honest
2561
coach
2561
rc
2563
kaboom
2563
stability
2564
mixing
2566
theatre
2567
poker
2568
fired?
2570
vacation
2571 2824
celex
2572
maria
2573
breaks
2573
self-isolation
2573
lighting
2574
quantum
2575 2576 2577 2578 2579 2580 2581 2592 2593
fourier
2575 2576
transform
2575 2576
classification
2577 2578 2579 2580 2581 2592 2593
dataset
2577 2578 2579 2580 2581
5
2579
prepare
2582 2583
superposition
2582 2583
states
2582 2583
0s
2583
"is
2584 2585
3?"
2584
balanced?"
2585
distinguish
2586 2587 2588 2589 2590 2596 2597 2598 2599
y,
2586
xz,
2586
-y
2586
-xz
2586
pauli
2587
rz
2588
r1
2588
h
2589
i,
2590
cnots
2590
out
2591
cnot
2591
decrement
2594
increment
2595
-z
2596
s
2597
restorer
2601
young
2604 3017
explorers
2604
summoning
2607
minions
2607
so
2610 2870
embedding
2610 2611
alarm
2613
decreasing
2614 3032
heights
2614
k-periodic
2615
constructing
2616 2650
alice,
2623
bob
2623
summands
2625
skier
2627
square?
2628
orac
2630 2631 2636 2637 2638
models
2630
factors
2631
hats
2634
biscuits
2635
berries
2640
science
2641
pac-man
2645
2.0
2645
ip
2647
cameras
2647
dune
2648
ii:
2648
arrakis
2648
tricks
2649 3296
boot
2652
revolution
2653
constructions
2654
piet's
2656
palette
2656
tracks
2657
rsum
2658
quantifier
2659
question
2659 2745
monopole
2660
hilbert's
2661
hotel
2661
distributing
2663
constant
2664
ascending
2668
multiple
2670
testcases
2670
period
2672
nastya
2674 2675 2676 2677 2678 2679 2680 2681
door
2674
rice
2675
cbs
2676
bees
2677
unexpected
2679
guest
2679
filling
2683 3195 3198 3324
jypnation
2684
rubber
2685
bands
2685
powered
2688
kana
2689
quest
2689
ichihime
2690
chiori
2692 2693
doll
2692 2693 3179
yui
2694
mahjong
2694
kaavi
2695
xenia
2696
linova
2697
anti-sudoku
2701
composing
2702
sisters
2704
euler
2708
statistics
2711
kate
2712
imperfection
2712
1600
2713
eugene
2714
kind
2715
monotone
2717
independent
2718
k-complete
2721
exercising
2723
showtime
2724
lingua
2725
romana
2725
elementary!
2726
jordan
2727
smiley
2727
again?
2728
...and
2729
after
2729
happily
2729
lived
2729
ever
2729
they
2729
limericks
2730
dreamoon
2732 2733 2734 2735 2737 2738
ranking
2733
aa
2734
drazil
2736
heap
2736
carousel
2741
marks
2745
princesses
2750
princes
2750
spiderweb
2752
wise
2753 2754
men
2753 2754
bombs
2755
prefix-suffix
2756 2757
ugly
2760
theorem
2761
real
2762
xorcist
2763
path-etic
2764
copycopycopycopycopy
2765
subtree
2767 3162
sleeping
2768
topics
2769
tetris
2772
subrectangles
2773
fares
2775
reality
2777
instant
2778
noodles
2778
present
2779
sensors
2783
treeland
2784 2879 3285
reachable
2785
darkraft:
2786
azathoth
2786
battalion
2789
strength
2789
nash
2791 2861
primitive
2792
primes
2792 3197
grade
2794
allocation
2794
homecoming
2796
dead
2797
pixel
2797
concatenation
2798 3029
happy
2799 2982 3014 3112
skyscrapers
2800 2801
rules
2802
fast
2803
autocompletion
2804
attack
2805 2908
bogosort
2809
polygons
2810 3312
combo
2814
weirdsort
2815
tourism
2819 3233
au
2820
pont
2820
rouge
2820
recommendations
2822
cow
2823 2824 2825 2826 2827 2828 2829 3307
exercise
2823
treats
2825
fields
2826
friend
2828
haybales
2829
kuroni
2830 2831 2832 2833 2834 2835 2836 2837
private
2830
tutor
2830
antihype
2831
punishment
2832
celebration
2834
impossible
2835
calculation
2835
observation
2838 2839
1-trees
2840
conditioner
2842
fill
2848
bag
2848
national
2850
erasing
2851
zeroes
2851 3057
talking
2852 2855 2856
explodes
2852 2855 2856

2852 2855 2856
deja
2853
needs
2854
structures?
2854
bitset
2857
dijkstra
2858
fenwick?
2859
super
2862
jaber
2862
nanosoft
2863
run
2864
ayoub's
2865
motarack's
2866
classes
2868
aerodynamic
2873
anu
2874
m-numbers
2877
fan
2878
modernization
2879
bonus
2880
dream
2881
cartoons
2882
display
2883 2896
fight
2887
separation
2892
obtain
2894 2898 3057
collecting
2901 2902
packages
2901
joe
2903
tv!
2903
conner
2904
a.r.c.
2904
markland-n
2904
nora's
2905
rin
2906
unknown
2906
v.
2907
xenon's
2908
gangs
2908
aroma's
2909
neko's
2910
coffee
2911 2916
varieties
2911 2916
sharpening
2912
shapes
2914
cartesian
2915
enlightenment
2917
irreducible
2918
anagrams
2918
messenger
2921
simulator
2921
meme
2924
deadline
2925
hyperset
2926
angry
2927
harry
2928
potter
2928 2929
lcc
2930
madhouse
2931 2932
classical?
2935
dr.
2937
evil
2937
underscores
2937
fadi
2938
eat
2939
mezo
2940
zoma
2940
seollal
2941
castle
2943
conference
2944 3116
ascent
2946
naming
2947
parties
2949
minutes
2953
before
2953
artifact
2955
petya
2956 3271
temporarily
2959
unavailable
2959
azamon
2960
services
2960
intergalactic
2962
sliding
2962
kirchhoff's
2963
current
2963
loss
2963
miss
2964
punyverse
2964
jeremy
2965
bearimy
2965
beingawesomeism
2966
paste
2967
handle
2968
santa's
2970
bot
2970
presents
2971 3181
verse
2972
d
2975
berry
2977
jam
2977
hashing
2979
words?
2980
birthday,
2982
polycarp!
2982
asterisk
2983
fairs
2987
as
2988 2988
storage2
2989
opposite
2992
snow
2995
portals
2999
shawarma
3000
tent
3000
suits
3002
figures
3003
awesome
3006
device
3008
invertation
3015
lexicography
3019
storage
3020
arrange
3021
icons
3021
intriguing
3022
help
3023
berline
3023
relics
3024
devops
3026
practices
3026
buma
3027
debts
3032
competitive
3035
programmer
3035
mirrors
3036 3043
economic
3046
difficulties
3046
passwords
3048
winner!
3049
pin
3050
codes
3050
sweet
3051
xor-set
3052
heating
3058
killing
3062
dominated
3063
rival
3065
equalizing
3066 3279 3280
minimizing
3068 3141 3192
without
3071
leesins
3072
fridge
3073
lockers
3073
volume
3074
send
3075 3078 3079
charlie
3075
feeding
3080
chicken
3080
harmonious
3083
silly
3085
mistake
3085
single
3086
push
3086 3211
terrace
3089
mission
3090
twin
3091
buildings
3091
performance
3092
forestation
3093
songwriter
3094
copying
3098
red-white
3099
salary
3102
wires
3106
smartgarden
3107
projectors
3109
parade
3110
must
3111
discarding
3113
center
3114
coronation
3115
saint
3117
petersburg
3117
feast
3118
berstagram
3119
elevator
3121
stairs?
3121
grow
3130
cursor
3132
hyakugoku
3134
ladders
3134
shichikuji
3135
constanze's
3136
restricted
3137
rps
3137
ol'
3138
season
3143
pens
3145
pencils
3145
discovery
3150
tile
3153
swiper,
3155
swiping!
3155
turtle
3156
catowice
3157
ivan
3160
fool
3160
probability
3160
adilbek
3161
watering
3161
purchase
3163
ab-string
3164
standard
3165
free2play
3165
'em
3166
placements
3170
(harder)
3173
(easier)
3174
tunnel
3175
changes
3176
unfair
3178
labs
3180
pipes
3186
middle-out
3190
ania
3192
dawid
3193
gone
3194
tripartite
3196
multiplication
3197 3236
answer
3201 3202
233
3201 3202
arson
3203
messy
3206
p-binary
3213
tv
3214 3215
subscriptions
3214 3215
forgetting
3216
things
3216
raft
3217
exterminable
3218
equalization
3222
cme
3223
choose
3225 3327
2048
3230
geolocation
3231
alex
3232 3234
julian
3234
lesson
3235
harvester
3238
periodic
3239
composition
3241
alpha
3242
planetary
3242
workout
3243
transformers
3246
guarding
3247
warehouses
3247
bubblereactor
3248
forced
3249
queries?
3250
zmei
3253
gorynich
3253
creating
3254
wi-fi
3255
numerical
3256 3257
shooting
3260
marbles
3263
ticket
3264
yellow
3267
feeling
3269
employment
3270
island
3272
badges
3274
currency
3275
repair
3285
kotlinkotlinkotlinkotlin...
3287
inc.
3288
golden
3291
mateusz
3293
room
3293
marek
3294 3295
wojtek
3296
konrad
3297
kamil
3298
stream
3298
marcin
3299
anadi
3300
walkways
3301
koala
3304 3309
notebook
3304
rotate
3305 3306
let
3314
slide
3314
uniqueness
3317
xorinacci
3318
indie
3319
album
3319
gas
3323
pipeline
3323
burgers
3325
natasha,
3334
sasha
3334
kirk
3335 3336
anna,
3337
svyatoslav
3337
maps
3337
mislove
3338
bowwow
3339
timetable
3339
projects
3340 3341
boxers
3342
given
3348 3349
some
3348 3349
letters...
3348
strings...
3349
