delete
0 600 670 839 1040 1263 1451 1470 1504 1597 1598 1697 1928 1950 1986 2128 2167 2222
the
0 7 14 14 43 46 90 95 97 104 106 107 117 125 126 139 144 162 163 173 188 211 248 257 259 259 266 269 279 284 295 299 304 313 316 323 336 336 339 340 345 376 376 384 420 430 434 439 450 459 464 474 478 484 505 518 521 522 540 542 565 574 585 599 604 610 615 618 622 629 640 661 673 691 702 705 717 737 737 743 746 746 749 759 766 780 782 807 826 860 863 883 892 895 895 896 922 923 924 955 957 958 975 983 983 987 994 1011 1018 1045 1076 1081 1085 1096 1101 1110 1114 1145 1146 1147 1178 1180 1181 1198 1206 1206 1210 1217 1234 1241 1268 1299 1304 1308 1319 1324 1333 1337 1368 1374 1388 1389 1410 1411 1416 1417 1428 1429 1435 1447 1460 1491 1491 1499 1523 1540 1543 1575 1579 1611 1616 1620 1620 1628 1628 1686 1692 1694 1713 1722 1725 1728 1747 1750 1755 1763 1764 1800 1802 1817 1826 1829 1834 1841 1852 1867 1871 1879 1893 1899 1904 1917 1922 1932 1948 1959 1966 1966 1967 1969 1971 1974 1995 2020 2022 2030 2034 2041 2054 2058 2066 2083 2094 2114 2121 2129 2131 2133 2185 2196 2196 2215 2233 2239 2257 2264 2269 2281 2300 2306 2318 2336 2347 2358 2359 2376 2379 2385
middle
0 450 572 2133
node
0 58 181 276 603 667 683 907 911 986 1209 1400 1598 1745 1784 1927 1986 2188 2192 2249
of
0 2 7 15 20 28 28 33 34 35 39 45 47 47 53 53 65 69 73 80 84 87 89 90 91 98 104 105 116 117 118 123 125 130 149 155 158 161 175 181 183 188 197 201 207 209 210 211 215 216 225 241 245 246 249 250 257 257 265 266 269 273 274 275 279 285 289 295 297 303 310 310 311 313 314 317 327 330 331 331 331 336 350 351 354 358 365 377 380 382 387 393 396 397 405 408 412 414 418 420 424 430 431 441 442 448 451 454 458 468 477 478 481 487 489 497 504 510 513 514 515 521 522 524 542 544 544 554 556 559 561 561 562 574 577 587 589 590 593 594 598 603 609 610 616 621 622 627 628 636 637 640 644 647 650 653 660 663 665 667 667 673 675 684 685 686 688 695 698 701 704 706 722 733 736 736 737 740 750 751 753 754 755 758 762 763 768 775 780 783 783 785 788 789 794 802 807 819 831 834 836 838 845 851 860 862 862 863 870 873 877 881 884 885 896 896 914 919 921 932 933 935 939 939 942 950 950 953 954 960 964 970 972 977 978 983 987 987 988 989 991 992 996 998 999 1004 1005 1009 1013 1022 1027 1031 1035 1045 1051 1053 1056 1058 1059 1060 1063 1063 1072 1073 1076 1082 1084 1085 1095 1096 1099 1100 1107 1109 1117 1123 1127 1128 1138 1139 1144 1155 1156 1158 1162 1162 1165 1173 1173 1176 1177 1183 1187 1193 1195 1200 1201 1206 1210 1210 1211 1212 1214 1215 1219 1221 1222 1227 1228 1232 1236 1245 1250 1254 1258 1268 1274 1276 1279 1281 1282 1283 1286 1286 1295 1296 1299 1305 1307 1308 1318 1319 1322 1323 1330 1332 1340 1346 1350 1351 1361 1362 1367 1368 1380 1382 1388 1389 1392 1393 1396 1403 1412 1417 1420 1421 1427 1427 1428 1437 1439 1439 1441 1445 1445 1453 1467 1472 1475 1481 1484 1491 1499 1518 1519 1520 1525 1528 1533 1537 1543 1552 1552 1554 1567 1568 1579 1582 1586 1588 1590 1611 1611 1618 1620 1621 1627 1628 1633 1635 1635 1638 1639 1641 1643 1645 1646 1654 1660 1662 1664 1665 1673 1681 1688 1689 1691 1693 1694 1694 1698 1699 1704 1707 1708 1710 1715 1719 1720 1722 1722 1725 1726 1726 1731 1732 1733 1734 1752 1753 1753 1763 1764 1765 1769 1773 1775 1779 1780 1784 1786 1786 1787 1791 1792 1795 1800 1805 1806 1813 1815 1816 1817 1823 1825 1826 1831 1835 1844 1851 1852 1853 1857 1859 1863 1867 1869 1870 1883 1887 1889 1890 1893 1895 1898 1899 1900 1904 1910 1916 1917 1921 1922 1926 1930 1932 1935 1936 1938 1939 1940 1942 1952 1954 1956 1958 1959 1961 1962 1966 1967 1971 1972 1978 1979 1983 1985 2005 2011 2016 2022 2026 2041 2046 2047 2050 2051 2052 2054 2058 2065 2067 2069 2069 2093 2097 2102 2103 2104 2113 2117 2121 2121 2123 2124 2130 2133 2139 2140 2146 2148 2155 2159 2161 2179 2181 2184 2186 2188 2193 2196 2206 2207 2209 2210 2226 2230 2236 2240 2244 2244 2245 2246 2247 2248 2249 2255 2259 2265 2272 2275 2279 2287 2289 2291 2297 2297 2298 2310 2311 2318 2319 2328 2331 2336 2338 2350 2359 2359 2360 2364 2372 2376 2379 2386 2388 2397 2399
a
0 29 35 38 42 53 56 58 65 69 77 83 89 93 94 95 117 122 130 131 137 140 146 154 158 161 163 177 178 181 181 184 187 197 198 209 216 219 223 230 245 246 250 257 266 273 274 300 313 328 336 346 358 366 375 380 382 387 392 393 393 396 406 411 424 427 439 440 460 465 478 479 511 535 544 545 570 577 579 587 587 587 596 600 614 639 649 653 663 664 667 667 667 668 673 681 682 684 696 716 718 721 724 735 758 775 792 799 827 833 838 843 855 862 881 883 914 915 921 926 927 931 939 942 953 961 965 978 992 996 1036 1056 1056 1063 1063 1069 1078 1086 1094 1105 1114 1128 1137 1140 1144 1149 1150 1154 1162 1165 1176 1184 1188 1201 1215 1219 1259 1279 1279 1286 1286 1292 1301 1309 1317 1328 1337 1351 1360 1363 1387 1403 1405 1420 1423 1427 1439 1445 1473 1481 1490 1496 1534 1551 1552 1561 1573 1581 1581 1586 1588 1598 1608 1620 1626 1641 1646 1646 1650 1650 1651 1664 1667 1694 1704 1706 1707 1707 1715 1723 1747 1753 1754 1759 1773 1780 1784 1785 1794 1809 1815 1824 1831 1833 1840 1849 1862 1865 1887 1900 1904 1907 1907 1916 1922 1926 1931 1933 1945 1955 1956 1958 1975 1985 1986 1990 2016 2036 2041 2050 2053 2054 2056 2066 2075 2083 2096 2101 2104 2112 2112 2115 2122 2130 2136 2136 2138 2161 2180 2181 2191 2192 2205 2207 2212 2243 2244 2245 2249 2259 2261 2275 2276 2285 2289 2291 2297 2301 2302 2306 2307 2319 2322 2335 2383
linked
0 13 85 137 228 260 375 391 537 871 907 1088 1311 1375 1400 1412 1474 1517 1562 1608 1715 1914 1986 2081 2133 2156
list
0 13 79 85 111 137 228 255 260 367 375 391 537 544 544 557 603 741 760 871 907 1375 1376 1400 1474 1517 1521 1562 1583 1608 1715 1747 1914 1986 2019 2081 2133 2156 2218
minimum
1 2 9 25 30 45 49 58 88 129 133 135 145 155 170 178 180 199 208 209 274 275 299 305 317 327 341 346 351 378 387 392 420 425 431 437 445 448 470 480 481 498 507 521 553 554 576 585 592 597 634 649 691 704 706 714 745 751 754 757 776 792 794 805 826 827 853 874 876 877 904 914 930 942 962 977 978 984 992 993 994 1002 1008 1011 1029 1031 1056 1068 1073 1074 1107 1111 1115 1132 1133 1153 1165 1185 1200 1201 1207 1215 1216 1217 1225 1231 1234 1252 1254 1279 1291 1296 1297 1330 1334 1338 1355 1356 1374 1393 1407 1411 1420 1423 1428 1441 1447 1460 1463 1473 1499 1502 1518 1528 1529 1539 1573 1591 1599 1603 1612 1619 1625 1626 1627 1636 1646 1665 1666 1667 1673 1689 1693 1695 1696 1703 1705 1710 1755 1764 1769 1771 1772 1776 1795 1816 1825 1832 1837 1849 1852 1862 1875 1877 1881 1892 1893 1905 1907 1916 1923 1983 1990 2008 2052 2089 2120 2130 2154 2166 2172 2189 2206 2212 2215 2221 2222 2224 2231 2243 2250 2256 2265 2269 2271 2284 2307 2318 2321 2336 2341 2349 2350 2364 2369 2370
difference
1 135 175 211 386 408 419 426 498 505 554 635 714 892 986 993 1039 1094 1111 1209 1216 1262 1317 1334 1636 1662 1673 1795 1873 1917 2239 2324 2370 2391
between
1 82 284 397 422 528 554 609 684 832 904 914 986 1039 1088 1111 1209 1262 1311 1334 1662 1704 1721 1873 1893 2014 2197 2239 2263 2282 2323 2324 2326
largest
1 33 177 192 238 300 360 376 407 423 433 454 482 495 510 531 680 718 780 808 857 1022 1024 1026 1098 1113 1245 1247 1249 1321 1336 1399 1482 1535 1607 1614 1672 1723 1759 1763 1789 1839 1897 1959 2087 2143 2157 2281 2326
and
1 18 50 92 148 174 227 371 410 423 443 447 468 489 532 554 594 645 689 759 771 777 839 866 872 899 908 930 941 969 986 1102 1111 1133 1139 1153 1164 1192 1209 1325 1334 1356 1362 1373 1402 1439 1454 1458 1460 1480 1506 1512 1522 1537 1553 1602 1611 1644 1662 1708 1740 1762 1786 1792 1804 1893 1902 1919 1950 2012 2025 2026 2037 2042 2044 2060 2079 2095 2132 2158 2164 2165 2171 2226 2239 2246 2251 2324 2324 2327 2348 2373 2374 2394 2398
smallest
1 7 34 72 81 313 332 340 409 471 488 538 596 652 711 767 833 883 887 1011 1020 1129 1234 1243 1352 1560 1569 1579 1588 1595 1620 1628 1657 1751 1760 1779 1860 1903 1951 1980 1991 1997 2005 2036 2043 2066 2170 2220 2390
value
1 7 97 193 237 284 488 494 531 538 600 665 732 833 917 940 1008 1098 1163 1231 1321 1454 1470 1581 1590 1707 1723 1787 1852 1875 1935 1985 2005 2248 2264
in
1 4 13 29 42 57 58 67 68 69 75 77 85 105 110 126 137 140 145 146 158 173 176 177 181 182 184 187 198 207 223 230 234 269 272 278 283 289 300 323 328 336 341 342 345 355 375 376 380 396 406 414 416 424 427 428 440 450 456 465 495 511 514 520 526 538 543 564 570 587 596 606 614 632 642 645 661 667 668 678 679 680 682 683 697 707 714 717 718 720 721 724 730 735 756 758 792 799 808 825 832 838 853 860 881 909 930 933 935 941 942 943 955 971 983 985 1001 1017 1033 1037 1045 1056 1062 1063 1078 1088 1098 1114 1125 1126 1137 1140 1153 1156 1158 1164 1165 1166 1178 1194 1206 1208 1224 1240 1256 1260 1268 1279 1285 1286 1301 1311 1321 1337 1348 1349 1360 1363 1370 1383 1400 1403 1405 1414 1415 1427 1470 1471 1490 1492 1507 1548 1549 1560 1567 1581 1598 1616 1617 1634 1638 1639 1646 1650 1651 1667 1723 1730 1747 1759 1765 1768 1773 1781 1790 1792 1793 1795 1802 1824 1827 1840 1846 1859 1872 1907 1909 1910 1916 1919 1927 1937 1956 1966 1975 1980 1982 1985 1986 1997 2011 2036 2050 2051 2056 2075 2078 2083 2085 2086 2089 2108 2115 2128 2131 2136 2142 2147 2157 2161 2180 2183 2207 2219 2243 2285 2292 2300 2302 2303 2308 2313 2319 2324 2330 2335 2338 2352 2353 2366 2373 2376
three
1 51 53 454 573 579 593 721 735 872 882 965 1124 1188 1347 1478 1572 1710 1851 1863 1895 1935 2084 2124
moves
1 178 378 985 1208 1529 1599 1603 1612 1627 1692 1693 1773 1837
number
2 7 33 39 47 52 53 73 80 81 84 90 94 118 125 155 156 158 201 207 209 215 229 241 245 250 269 274 275 289 295 296 302 310 311 314 317 327 330 331 331 349 351 354 358 365 375 380 387 393 394 396 397 407 408 412 414 420 421 424 430 439 442 448 452 478 481 487 495 497 513 514 521 523 536 562 574 586 589 590 610 616 621 627 637 640 643 677 680 687 688 701 706 722 740 751 753 762 775 775 780 782 783 785 816 819 834 838 851 856 862 863 867 870 873 877 881 884 885 913 939 942 949 964 965 972 978 983 989 996 999 1004 1005 1011 1020 1024 1031 1035 1045 1053 1073 1076 1084 1086 1099 1100 1107 1162 1165 1172 1187 1188 1195 1201 1206 1212 1219 1222 1227 1228 1234 1243 1247 1254 1258 1268 1276 1296 1299 1307 1309 1322 1323 1330 1368 1369 1380 1382 1388 1403 1417 1421 1427 1428 1441 1445 1453 1454 1455 1467 1485 1499 1518 1519 1520 1528 1537 1567 1578 1618 1620 1627 1628 1633 1635 1643 1645 1664 1665 1669 1681 1688 1689 1693 1694 1698 1719 1720 1725 1731 1733 1750 1753 1760 1764 1769 1773 1775 1780 1786 1791 1800 1805 1806 1813 1823 1826 1832 1835 1853 1867 1869 1886 1893 1895 1898 1912 1921 1938 1940 1956 1959 1961 1964 1966 1980 1983 1997 2016 2022 2039 2047 2050 2050 2051 2052 2054 2063 2080 2087 2093 2099 2102 2112 2113 2135 2143 2146 2159 2181 2188 2193 2206 2207 2226 2244 2246 2255 2259 2265 2287 2291 2298 2301 2308 2310 2311 2336 2337 2349 2350 2360 2376 2379 2388 2399
frogs
2
croaking
2
replace
3 14 18 342 941 1164 1414 1575 1803 1829 1878 2100
words
3 124 219 239 350 357 415 422 427 514 664 838 979 1051 1140 1202 1274 1363 1396 1652 1738 1778 1791 1797 1805 1952 1976 2115 2165 2228
remove
4 52 107 255 306 530 557 578 603 624 625 657 720 924 1002 1081 1119 1128 1147 1225 1304 1342 1351 1397 1474 1517 1562 1711 1828 1924 2110 2114 2224 2255
all
4 117 119 126 133 155 181 220 220 265 273 293 339 340 383 385 442 470 522 594 689 698 717 720 758 878 950 953 954 987 1031 1114 1128 1173 1176 1177 1210 1254 1337 1351 1370 1392 1406 1476 1488 1490 1513 1525 1532 1552 1568 1591 1634 1637 1654 1667 1722 1740 1758 1765 1803 1846 1878 1882 1895 1952 1987 2052 2076 2183 2189 2224 2231 2274 2353 2369 2375
adjacent
4 5 88 129 213 720 1011 1234 1540 1800 1909
duplicates
4 255 557 657 720 1928 2110 2183
string
4 22 28 65 105 122 122 132 143 146 158 161 205 226 246 266 268 273 275 291 292 300 336 358 366 374 393 396 419 420 451 460 461 478 495 576 614 639 673 680 699 719 720 762 810 833 843 848 881 887 900 923 926 941 955 959 985 987 1000 1001 1009 1016 1020 1023 1042 1078 1079 1125 1140 1142 1146 1149 1164 1178 1182 1208 1210 1223 1224 1232 1239 1243 1246 1265 1301 1302 1348 1363 1365 1387 1393 1407 1428 1490 1501 1520 1524 1539 1542 1552 1575 1580 1595 1612 1641 1706 1751 1764 1771 1801 1831 1833 1845 1860 1862 1872 1909 1941 1985 1995 2004 2024 2041 2066 2104 2105 2115 2116 2145 2152 2153 2167 2181 2205 2219 2220 2227 2241 2245 2289 2303 2307 2383 2385 2387 2402
ii
4 11 23 55 83 145 156 160 189 191 196 210 254 294 296 333 335 347 359 373 378 400 476 486 534 557 564 571 592 607 638 657 670 677 683 744 748 778 781 784 835 868 928 945 1017 1041 1048 1057 1067 1077 1083 1104 1142 1151 1168 1240 1264 1271 1280 1290 1300 1306 1327 1365 1375 1379 1384 1440 1444 1469 1479 1498 1500 1547 1555 1587 1592 1606 1615 1648 1689 1716 1718 1798 1811 1821 1853 1874 1914 1941 1955 2025 2032 2059 2061 2073 2077 2166 2170 2221 2343 2369 2398
longest
5 10 21 80 175 179 234 256 326 344 353 403 492 567 613 618 690 746 768 770 799 842 912 943 945 947 952 1006 1043 1044 1079 1082 1138 1166 1168 1170 1175 1229 1266 1267 1302 1305 1361 1438 1457 1505 1600 1601 1610 1678 1741 1749 1765 1768 1840 1845 1868 1971 1975 1976 2003 2032 2041 2078 2158 2266 2295 2300
path
5 55 138 180 318 492 520 570 765 792 843 844 914 938 992 1161 1215 1442 1549 1601 1703 1840 1882 1887 1975 2056 2075 2085 2098 2136 2160 2166 2172 2180 2190 2243 2294 2375
with
5 20 29 43 45 96 117 131 134 138 164 165 174 180 192 193 206 213 219 221 237 262 280 290 292 298 313 318 321 340 354 383 408 409 423 448 462 482 487 488 500 509 519 533 579 590 600 616 621 637 658 668 690 699 741 755 764 773 783 789 810 821 826 828 829 831 833 842 849 855 863 878 889 910 923 929 938 979 983 992 1006 1029 1036 1068 1120 1123 1141 1146 1152 1161 1202 1206 1215 1229 1252 1259 1291 1343 1346 1364 1367 1369 1373 1402 1409 1466 1476 1478 1484 1495 1542 1561 1569 1577 1588 1595 1620 1632 1635 1644 1650 1672 1690 1698 1713 1717 1720 1745 1763 1789 1800 1803 1813 1829 1837 1839 1847 1851 1889 1903 1926 1952 2005 2031 2033 2053 2056 2064 2100 2113 2158 2171 2195 2197 2205 2215 2233 2238 2278 2289 2294 2297 2305 2306 2322 2341 2356 2362
different
5 158 221 546 562 579 658 2287 2382
characters
5 225 314 442 497 582 690 947 1023 1170 1246 1552 1710 1779 1797 1803 1851 1878 1895 1966 2044 2068 2145 2167 2205 2273 2274 2289 2326
roman
6 281
to
6 9 19 49 50 52 78 84 84 93 95 107 116 124 142 152 155 170 170 174 178 178 199 208 209 215 227 247 274 275 281 290 299 305 311 317 323 326 327 331 339 339 341 351 354 358 363 375 378 387 392 393 395 420 425 434 445 446 452 457 460 470 473 480 481 490 507 507 521 522 546 548 562 562 565 576 585 586 597 604 614 616 619 625 628 634 635 646 649 649 670 691 698 716 719 732 745 751 753 754 760 762 766 775 775 783 785 795 805 810 827 834 870 871 874 876 877 895 898 911 926 962 965 977 978 978 994 1002 1006 1008 1011 1012 1023 1031 1031 1038 1040 1042 1045 1050 1050 1074 1081 1115 1149 1185 1188 1200 1201 1201 1217 1225 1229 1231 1234 1235 1246 1254 1254 1261 1263 1265 1268 1273 1273 1297 1304 1338 1366 1374 1374 1402 1411 1421 1423 1428 1447 1447 1461 1472 1473 1488 1499 1502 1504 1513 1518 1529 1531 1532 1537 1539 1547 1556 1565 1573 1573 1580 1591 1596 1599 1603 1609 1612 1619 1625 1626 1627 1644 1645 1664 1665 1667 1675 1676 1677 1689 1693 1695 1698 1705 1707 1710 1736 1752 1755 1764 1769 1771 1786 1789 1823 1825 1832 1837 1849 1852 1861 1862 1865 1865 1877 1878 1881 1889 1892 1905 1907 1926 1929 1932 1949 1983 1984 1990 2001 2008 2010 2016 2023 2025 2042 2050 2050 2052 2052 2066 2084 2093 2101 2120 2130 2141 2145 2145 2147 2154 2167 2181 2182 2188 2189 2192 2211 2221 2224 2230 2231 2243 2255 2256 2259 2260 2274 2291 2292 2301 2304 2307 2309 2321 2344 2349 2350 2350 2364 2369 2372 2375 2379 2383 2386 2387 2388
integer
6 88 124 192 264 281 375 376 386 471 507 652 730 859 1042 1074 1265 1297 1388 1554 1611 1708 1708 1789 1931 1932 2111 2358 2372 2387
rearranged
7
contains
8 273 338 744 1740
duplicate
8 278 338 744 782 1119 1342 1457 1697 2007 2072 2128 2208
swaps
9 88 129 208 827 1011 1234 1428 1595 1764 2143 2369
make
9 44 199 208 275 282 290 305 322 327 339 363 420 434 445 481 497 522 576 585 597 670 691 698 701 716 728 766 805 877 948 977 994 1002 1023 1031 1040 1050 1074 1081 1171 1200 1217 1225 1246 1254 1263 1273 1297 1304 1423 1428 1446 1473 1504 1539 1547 1573 1603 1665 1675 1683 1689 1693 1695 1705 1764 1769 1771 1862 1877 1905 2001 2004 2093 2145 2167 2182 2189 2203 2211 2221 2243 2274 2319 2321 2385 2393
strings
9 22 92 146 325 363 515 548 561 631 693 750 783 877 987 1022 1058 1089 1135 1210 1245 1281 1312 1358 1406 1451 1471 1515 1567 1579 1660 1689 1725 1911 1939 2004 2009 2027 2069 2211 2222 2225 2274 2376
equal
9 44 114 174 199 326 331 363 378 432 442 446 448 458 488 497 522 556 566 591 616 628 709 766 783 796 885 948 984 1006 1031 1120 1124 1171 1207 1229 1254 1343 1347 1454 1478 1573 1599 1698 1786 1877 1889 1926 2004 2189 2221 2238 2274 2297 2319 2326 2373 2374 2393
common
10 89 301 504 733 979 1026 1044 1202 1249 1267 1586 1749 1875 1898 1899 1939 2055 2273
subsequence
10 80 175 179 200 218 326 344 403 768 842 853 945 1025 1092 1168 1248 1315 1423 1588 1610 1678 1700 1716 1763 1779 1822 1868 1880 2003 2030 2032 2145 2215 2240 2295
strange
11 429
printer
11 429
maximum
12 26 43 78 96 98 108 110 116 159 183 214 215 216 241 249 285 295 312 314 318 369 395 398 418 426 465 494 514 545 570 617 621 627 629 639 647 653 663 665 669 684 687 688 695 701 709 755 789 802 803 824 831 879 885 908 917 919 929 938 939 949 957 967 970 972 974 976 981 986 996 1004 1010 1025 1030 1039 1058 1076 1085 1092 1094 1099 1100 1110 1111 1117 1122 1126 1133 1152 1161 1162 1172 1180 1190 1193 1195 1197 1199 1204 1209 1219 1227 1233 1248 1253 1262 1281 1299 1308 1315 1317 1322 1323 1333 1334 1340 1345 1349 1356 1389 1403 1409 1410 1413 1427 1437 1439 1453 1460 1469 1484 1497 1577 1581 1594 1621 1629 1631 1638 1643 1670 1706 1708 1709 1715 1731 1733 1737 1738 1753 1773 1781 1784 1805 1813 1835 1853 1865 1869 1873 1887 1888 1893 1900 1903 1917 1926 1930 1985 2026 2039 2051 2058 2062 2064 2088 2091 2105 2108 2113 2117 2121 2124 2146 2158 2160 2162 2175 2194 2207 2209 2233 2234 2235 2248 2272 2275 2276 2289 2291 2315 2338 2359 2360 2366 2391 2397 2401
ice
12
cream
12
bars
12
binary
13 35 42 58 77 89 117 132 141 195 196 197 230 236 267 273 274 285 298 308 326 356 375 377 401 405 414 420 444 479 486 491 509 511 575 632 636 663 667 718 760 791 794 802 810 827 858 864 871 891 921 935 946 1009 1017 1021 1069 1109 1144 1158 1169 1232 1240 1244 1292 1332 1369 1370 1378 1425 1428 1437 1469 1472 1509 1516 1520 1548 1549 1553 1586 1649 1658 1663 1736 1752 1754 1771 1801 1818 1824 1840 1846 1872 1902 1937 1944 1987 2010 2012 2041 2050 2075 2085 2103 2105 2108 2118 2142 2160 2164 2192 2253 2261 2309 2313 2316 2319 2329 2332 2350 2357 2383 2396 2401 2402
tree
13 24 35 58 77 89 115 141 195 196 197 230 236 247 267 274 276 285 308 356 377 401 405 440 479 491 511 632 636 641 644 647 663 667 667 675 696 710 718 760 791 794 802 858 864 871 891 921 930 933 935 940 997 1017 1021 1069 1098 1144 1153 1156 1158 1163 1220 1240 1244 1292 1321 1370 1425 1437 1469 1509 1516 1548 1553 1586 1653 1658 1663 1667 1736 1752 1754 1818 1824 1840 1902 1937 1944 1949 2010 2010 2012 2016 2085 2108 2160 2164 2180 2192 2212 2249 2250 2280 2290 2293 2302 2309 2313 2316 2319 2329 2354 2396 2401 2402
find
14 18 83 119 126 145 152 165 193 211 230 257 261 266 278 284 313 316 336 353 376 383 438 450 505 520 531 560 565 586 590 594 618 667 672 679 702 730 733 734 767 782 807 818 861 883 892 911 915 923 930 940 941 954 955 957 964 965 1018 1027 1047 1075 1076 1090 1098 1110 1129 1146 1153 1163 1164 1177 1178 1180 1187 1188 1241 1250 1270 1298 1299 1313 1321 1333 1352 1388 1406 1490 1491 1525 1543 1548 1551 1569 1602 1620 1632 1634 1707 1722 1744 1763 1792 1797 1801 1817 1847 1872 1883 1885 1890 1893 1899 1931 1948 1972 2030 2034 2041 2048 2054 2072 2076 2089 2183 2196 2231 2233 2238 2252 2264 2273 2300 2336 2353 2358 2362
student
14 335 893
that
14 192 309 319 439 556 667 746 780 785 964 965 1112 1187 1188 1335 1453 1567 1728 1789 1797 1853 1935 2022 2034 2091 2205 2391
will
14 384
chalk
14
median
15 435 829 1744
two
15 22 23 32 34 44 64 171 210 211 284 331 392 397 418 483 551 556 635 658 704 754 788 848 877 902 911 914 932 934 1022 1051 1058 1066 1155 1157 1245 1274 1281 1289 1396 1412 1422 1451 1475 1592 1638 1649 1652 1656 1689 1694 1696 1714 1721 1760 1809 1816 1846 1847 1863 1873 1899 1911 1932 1976 2014 2021 2058 2074 2103 2109 2121 2140 2211 2222 2225 2282 2326 2338 2359
sorted
15 34 145 255 275 313 372 382 410 453 557 564 596 598 657 670 697 724 760 1040 1050 1263 1273 1405 1415 1504 1547 1592 1792 1884 2021 2027 2089 2110 2161 2182 2309
arrays
15 34 44 87 210 211 284 327 448 556 635 704 848 1066 1289 1368 1760 1899 2058 2140 2321 2399
decode
16 139 443 1379 1604 2024 2126 2129
ways
16 84 215 290 331 354 358 393 546 548 562 716 753 834 870 1045 1268 1379 1421 1531 1537 1645 1664 1823 2016 2084 2181 2244 2259 2292 2388
rotate
17 959 1182 1376 1489 1777
image
17 169 1679 1999
pattern
18 297 475 936 1159 2258
time
19 50 93 95 123 133 227 245 259 299 341 433 480 634 660 751 761 806 828 874 995 1115 1218 1338 1402 1502 1513 1591 1619 1630 1636 1644 1667 1705 1735 1752 1825 1907 1930 1993 2025 2042 2224 2231 2252 2256 2364 2383
needed
19 1513 2383
buy
19 50 227 1402 1537 1644 2025 2042
tickets
19 543 2271
pairs
20 91 277 310 330 365 408 468 566 569 594 640 668 673 740 783 855 971 1037 1091 1127 1194 1260 1314 1350 1383 1540 1569 1618 1633 1660 1743 1873 1917 1979 2011 2051 2067 2102 2298 2355 2365 2373 2374
songs
20
total
20 107 183 437 736 737 1068 1291 1389 1676 1831 2159 2252 2321 2395
durations
20
divisible
20 51 322 444 569 606 652 805 815 1091 1314 1535 1848 1935 2373
by
20 26 44 51 97 274 319 322 370 398 444 483 545 569 582 606 612 652 801 815 823 922 948 966 995 1008 1026 1065 1066 1091 1094 1106 1118 1145 1171 1189 1218 1231 1249 1288 1289 1314 1317 1329 1341 1417 1506 1579 1623 1648 1677 1696 1699 1738 1775 1797 1841 1935 1976 2070 2075 2143 2252 2384
60
20
repeating
21 690 947 981 1082 1170 1204 1305 1796 1878
character
21 319 1078 1082 1139 1301 1305 1362 1438 1579 1905 2101
replacement
21 1622 2111
check
22 53 122 163 184 220 243 273 292 366 410 442 484 587 777 797 825 843 848 921 1009 1060 1091 1114 1144 1232 1283 1314 1337 1396 1454 1740 1758 1782 1794 1808 1908 2004 2122 2136 2225 2245 2323 2378
if
22 53 64 122 163 184 220 273 292 366 410 442 484 520 587 777 797 825 843 848 924 1009 1060 1091 1114 1147 1232 1283 1314 1337 1396 1454 1740 1758 1782 1794 1908 1911 2004 2122 2136 2241 2245 2378
an
22 104 164 169 173 215 386 406 507 685 730 763 807 808 841 896 943 954 1037 1038 1126 1166 1177 1260 1261 1349 1383 1388 1409 1414 1492 1544 1611 1624 1634 1638 1662 1722 1802 1817 1827 1881 1883 1915 1919 1954 1985 2011 2015 2053 2117 2183 2200 2210 2219 2292 2303 2308 2338 2352 2353 2373
original
22 734 1543 1774 1871
exists
22 192 520
given
22 175 193 219 245 261 393 433 600 649 681 833 883 895 911 965 1188 1371 1427 1552 1581 1602 1641 1929 1931 2022 2076 2131
encoded
22 2218
add
23 305 546 649 698 1381 1441 1656 1789 1819 1949 2009 2109 2165 2332 2372
numbers
23 66 109 126 144 171 184 206 223 242 331 342 402 428 432 477 489 524 555 590 686 694 821 898 977 1107 1109 1200 1330 1332 1367 1371 1394 1405 1421 1472 1638 1656 1701 1740 1750 1859 1920 1935 1967 2124 2247 2305 2336 2352 2353
construct
24 46 533 891 1020 1089 1243 1312 1542 1553 2012 2164 2281 2402
quad
24
window
25 435 1629
substring
25 193 292 353 381 407 482 690 770 912 947 981 1082 1128 1170 1204 1305 1351 1427 1438 1457 1575 1622 1730 1753 1765 1952 1971 2041 2203 2233 2258 2300 2326
height
26 405 776 801 990 1213 1594
stacking
26
cuboids
26
palindrome
27 343 411 537 583 607 781 1018 1089 1116 1241 1312 1339 1385 1399 1505 1693 1761 1862 1886 1976 2146 2168 2203 2211 2266 2362 2365 2390
partitioning
27 343 607 1107 1330 1761
sum
28 43 51 53 55 65 66 96 147 149 152 313 322 362 369 388 418 446 448 469 477 496 498 500 509 510 524 552 561 591 594 598 606 621 635 649 653 663 666 695 700 704 718 736 765 785 803 804 831 842 844 855 857 860 889 898 929 932 933 950 960 963 965 982 991 998 1008 1010 1092 1102 1111 1117 1123 1127 1134 1141 1152 1155 1156 1173 1183 1186 1188 1205 1214 1221 1231 1233 1315 1325 1334 1340 1346 1350 1357 1364 1367 1392 1413 1422 1440 1443 1464 1472 1478 1528 1536 1562 1592 1611 1631 1639 1654 1662 1662 1670 1673 1700 1703 1715 1720 1743 1763 1772 1781 1809 1816 1836 1847 1880 1883 1892 1926 1932 1936 1960 1962 1988 2005 2010 2022 2026 2069 2108 2117 2160 2161 2166 2172 2186 2222 2230 2234 2236 2238 2240 2246 2247 2279 2297 2297 2328 2331 2335 2336 2341 2397
digits
28 88 173 203 206 271 433 439 578 590 944 995 1167 1218 1528 1611 1639 1774 1789 1803 1819 2297 2305
after
28 88 405 407 471 494 639 664 666 669 686 797 818 865 879 903 908 954 960 976 999 1029 1045 1071 1090 1138 1177 1183 1199 1222 1252 1268 1294 1313 1361 1393 1407 1439 1459 1528 1566 1622 1631 1681 1692 1751 1787 1795 1866 2005 2065 2105 2112 2143 2212 2247 2259 2314
convert
28 247 287 375 751 760 975 985 1198 1208 1556 1580 1612 1832 1932 2053 2301 2309 2349 2350
cells
29 406 661 942 1071 1165 1294 2159 2330
odd
29 320 377 419 495 1654 1720 2035 2037 2156 2205 2226 2293 2352
values
29 177 483 684 699 701 1066 1289 1802 1833 1897 2250
matrix
29 42 56 127 130 162 177 223 313 465 596 606 752 787 803 804 1036 1064 1130 1259 1287 1353 1405 1435 1459 1549 1602 1623 1724 1782 1856 1874 1955 1975 1988 2075 2083 2177 2261 2330 2335 2350 2350 2386 2392
genetic
30 426 538
mutation
30
closest
31 77 389 428 586 672 911 1012 1018 1028 1235 1241 1251 1707 1756 1880 2023 2230
room
31 1550
combine
32
tables
32
at
33 88 134 245 618 669 681 690 699 872 1009 1016 1141 1232 1239 1364 1371 1502 1581 1620 1758 2074 2075 2243 2388
least
33 134 452 690 872 999 1141 1222 1364 1758 2074 2243
twice
33 2260
others
33
kth
34 81 313 376 531 542 596 718 808 816 1011 1234 1759 1841 1872 1980 1991 2036 2219 2249
product
34 212 290 331 465 650 681 802 879 896 1059 1282 1399 1475 1484 1570 1611 1709 1717 1726 1873 1922 1967 2121 2124 2209 2229 2318 2338 2359
vertical
35 1439 1721
order
35 150 176 196 641 853 1425 1516 1560 1730 1765 2086 2131 2280 2330
traversal
35 196 235 267 401 696 891 997 1220 1425 1509 1516 1553 1653 1736 2012 2164 2280
last
36 294 323 953 1176 1431 1730 1732 1792 1838 1967 2188
day
36 188 717 845 1096 1319
where
36 331 384 717 759 957 1180
you
36 386 627 688 701 717 957 967 974 1180 1190 1197 1530 1731 1805 1826 2187
can
36 122 186 309 366 386 556 627 688 701 780 825 890 957 967 974 985 1180 1190 1197 1208 1446 1453 1530 1623 1728 1731 1797 1805 1853 2004 2091 2187 2203
still
36
cross
36 93
classes
37
more
37 103 297 735 1415
than
37 103 212 326 423 767 849 910 1006 1120 1229 1343 1415 1750 1786 1926 1962 2184
5
37 134 444
students
37 245 279 311 532 617 1671 1841
coloring
38 141
border
38
count
39 73 90 125 187 204 246 290 293 309 319 337 368 402 408 412 430 439 500 548 556 569 575 610 628 640 661 664 668 686 689 705 707 740 819 829 847 861 878 910 931 968 979 980 1005 1112 1113 1154 1191 1202 1203 1228 1335 1336 1368 1382 1383 1405 1418 1436 1454 1464 1471 1476 1531 1552 1565 1641 1645 1660 1672 1681 1708 1713 1725 1748 1788 1814 1815 1827 1834 1869 1910 1918 1919 1920 1921 1945 1979 1994 2011 2027 2095 2159 2171 2186 2191 2195 2197 2283 2290 2292 2305 2313 2352 2368 2373 2376 2382
homogenous
39
substrings
39 114 201 246 265 319 478 487 527 575 609 699 810 950 1001 1099 1173 1224 1322 1407 1552 1563 1567 1851 1895 2146 2235 2359
first
40 336 352 717 955 1078 1178 1301 1792 2188 2254 2260
bad
40 740
version
40 1394
valid
41 163 168 305 315 366 541 576 583 602 611 618 689 781 797 838 843 867 913 1002 1058 1225 1281 1467 1503 1519 1602 1632 1701 1741 1791 1943 2067 2090 2136 2152 2243 2281
perfect
41 1541 1820 2135
square
41 331 360 524 577 602 780 798 943 1166 1464 1476 1482 1926 2304
special
42 132 480 671 819 968 992 1120 1191 1215 1343 1650 1737 1748
positions
42 2123
k
43 47 49 88 96 129 161 179 212 221 251 273 277 297 326 354 395 408 446 554 563 569 578 606 616 652 669 672 690 699 711 815 829 831 876 879 889 910 957 960 985 999 1068 1089 1091 1139 1141 1180 1183 1208 1222 1291 1312 1314 1362 1364 1367 1370 1534 1536 1569 1639 1671 1676 1692 1698 1758 1763 1786 1802 1848 1859 1884 1962 1967 2023 2083 2206 2228 2248 2259 2314 2336 2391 2400
items
43 931 1014 1154 1237 1534 2070
reversing
44
subarrays
44 90 125 221 387 418 509 605 616 621 829 831 836 910 1084 1117 1307 1340 1382 1654 1698 1699 1813 1848 1903 2084 2195 2238
cost
45 199 341 425 754 792 874 876 992 1215 1374 1447 1488 1646 1676 1756 1852 1881 1990 2113 2233 2243 2250 2271 2286 2321
buying
45
candies
45 142 395 863 905 974 1197
discount
45 601 1650 2344
rectangle
46 99 194 592 1390 1463 1804 1820 1962 2073 2157 2306
sets
47 1859
non-overlapping
47 59 418 551 621 1062 1099 1117 1285 1322 1340 1847 2146
line
47 703 1794 1849 1933
segments
47 396 522 902 2184
circular
48 581 614 939 1003 1162 1226 1448 1491 1670 2142 2196 2285
array
48 84 91 110 112 117 126 145 149 151 163 164 173 199 207 215 243 261 266 277 287 287 290 315 342 372 376 378 382 387 410 434 441 450 453 462 473 481 493 533 564 566 569 585 597 604 612 614 623 635 642 650 657 659 679 685 691 697 716 724 728 730 732 733 734 734 763 766 774 805 807 808 818 834 840 841 857 860 892 896 919 943 948 954 955 957 960 977 994 1010 1031 1033 1037 1038 1050 1065 1081 1090 1091 1106 1120 1133 1137 1166 1171 1177 1178 1180 1183 1200 1217 1233 1254 1256 1260 1261 1273 1288 1304 1313 1314 1329 1343 1356 1360 1383 1409 1414 1415 1431 1478 1492 1508 1540 1543 1564 1581 1592 1599 1603 1604 1613 1621 1634 1638 1648 1662 1665 1675 1683 1695 1699 1699 1722 1726 1755 1777 1781 1792 1802 1817 1827 1859 1871 1877 1881 1883 1889 1890 1892 1899 1915 1919 1929 1954 1957 1982 1985 2001 2026 2051 2053 2053 2065 2078 2082 2084 2089 2094 2106 2110 2122 2131 2161 2176 2183 2185 2189 2198 2210 2219 2221 2230 2245 2264 2277 2296 2303 2308 2309 2318 2338 2351 2353 2367 2373 2386 2391
loop
48
recolors
49
get
49 84 110 114 386 627 721 974 1008 1197 1231 1410 2375 2384
consecutive
49 66 129 256 555 573 580 701 821 915 965 1109 1188 1332 1508 1555 1562 1680 1737 1833 1859 1878 2008 2038 2068 2206 2363
black
49
blocks
49
best
50 227 551 961 1015 1184 1238 1402 1644 1702 2025 2042 2356
sell
50 227 455 1402 1644 2025 2042
stock
50 120 227 875 1402 1445 1644 2025 2042
greatest
51 645 733 863 1470 1939 2100
digit
52 65 300 500 884 1094 1317 1367 1371 1454 1454 1528 1662 1685 1760 1960 2143
from
52 255 386 526 557 603 623 657 659 696 711 734 791 887 891 902 915 958 967 974 1020 1030 1042 1055 1100 1133 1139 1181 1190 1197 1243 1253 1265 1278 1323 1356 1362 1387 1409 1446 1461 1517 1532 1540 1553 1562 1652 1744 1760 1774 1776 1785 1897 2012 2076 2110 2114 2162 2164 2168 2175 2188 2192 2203 2235 2248 2250 2291 2402
maximize
52 104 473 732 763 873 881 902 960 1012 1183 1235 1566 1692 2168 2232 2269
result
52 1677
is
53 163 292 331 410 484 544 606 797 843 1520 1592 1782 1794 1809 1822 1908 2122 2136 2245 2299 2336 2378 2391
powers
53 1059 1282
uncrossed
54
lines
54 762 1849
search
56 77 89 356 400 479 486 511 511 564 641 697 760 772 891 1069 1292 1377 1378 1548 1663 1754 1846 1955 2010 2079 2165 2223 2309 2316 2357
2d
56 287 678 700 937 1066 1160 1289 1955 2053
prime
57 414 428 1385 1477 1493 1726 2005 2043
diagonal
57 254 1988 2119
second
58 300 1115 1338 1386
intervals
59 258 707 1397 2263 2265 2277 2371
freedom
60
trail
60
super
61 349 547 1494 1674
palindromes
61
course
62 618 1057 1280 1946 2137
schedule
62 1057 1280 1420 1946 2137
iii
62 127 172 229 338 388 633 765 817 886 1007 1097 1131 1140 1230 1320 1354 1363 1504 1593 1680 1761 1855 1912 2042 2144 2229 2312
teemo
63
attacking
63
determine
64 577 1623 1904 1911 2241
events
64 551 1453 1853
have
64 442 717 1826 2205
conflict
64
calculate
65 75 671 909 1993
reorder
67 84 339 2019
data
67 258 915 1637 1744 2165
log
67 1876
files
67
investments
68
2016
68
display
69
table
69 682 1668 1682 1980
food
69 521 535 1083 1306
orders
69 269 601 1959
restaurant
69 1901
burst
70 351
balloons
70 351 1004 1227
design
71 138 154 166 286 361 391 535 539 572 581 850 897 916 1003 1086 1226 1309 1526 1624 1640 1953 2015 2165 2270 2322
underground
71
system
71 166 278 535 772 1086 1309 1953 2128 2262
good
72 119 125 216 365 368 402 548 565 824 980 989 1203 1212 1406 1719 1827 1867 2122 2181 2298 2313
base
72 1554 1556 1639 1712
teams
73 458 823
employee
74 725 746 1391 1829 2252 2379
importance
74 183
amount
75 1752 1825 2364
paid
75
taxes
75
airplane
76
seat
76 232 1627 2202
assignment
76
probability
76 272 938 1161 1694
nodes
77 137 155 295 340 355 416 628 698 756 832 904 911 971 983 1005 1123 1194 1206 1228 1346 1370 1495 1517 1562 1713 1818 1882 1893 1950 1979 2011 2147 2290 2298 2313
queries
77 381 405 666 993 1059 1100 1216 1282 1323 1481 1512 1561 1780 2071 2247 2302 2380
distribute
78 142 905 1796 1937
money
78 553 909
children
78 395 2236
insertion
79 494 1862
sort
79 97 144 162 274 292 333 367 582 612 1065 1288 1401 1417 1524 1648 1755 1841 1879 1915 2037 2070 2176 2210
increasing
80 203 208 218 374 585 641 719 945 1039 1065 1081 1168 1262 1288 1304 1678 1683 1814 1956 1975 2003 2086
query
81 147 159 426 700 963 1186 1625 1858
trimmed
81
plates
82
candles
82
peak
83 1137 1360 1734 2048
element
83 596 622 642 655 724 808 908 1033 1081 1138 1256 1304 1361 1409 1411 1415 1606 1662 1692 1759 1792 1793 1828 1855 2036 2048 2100 2134 2149 2163 2343
same
84 115 237 280 462 735 821 924 983 1045 1147 1206 1268 1374 1694 1717 1800 2034 2323
bst
84 247 646 714 866 904 991 1214 1598 1809 2036 2108
split
85 146 358 434 462 478 834 857 970 1193 1426 1508 1881 2084 2181 2211 2341 2367
parts
85 1124 1347 1478
permutations
86 541 1104 1327
intersection
87 210 1412 2074 2140
multiple
87 454 533 1951
possible
88 293 729 845 1005 1055 1228 1278 1987 2076
most
88 262 280 301 362 622 669 699 964 1009 1101 1187 1232 1324 1371 1854 1858 2030 2075 2134 2180 2285 2308 2403
on
88 387 406 634 746 824 1426 1502 1519 1551 1561 1706 1780 1815 1920 1933 1945 2100 2187 2212 2276 2354
lowest
89 504 554 1586
ancestor
89 504 986 1209 1586 2249
beautiful
90 574 597 1067 1074 1290 1297 1647 1688 1858 1860 2198
doubled
91 734
encrypt
92
decrypt
92 1042 1265
bridge
93 1585
reach
94 155 341 745 1011 1115 1234 1338 1529 1530 1837 2154 2259
latest
95 759 995 1027 1218 1250 1616
catch
95
bus
95 323 528 1121 1344
exactly
96 957 1180 2259
elements
96 230 251 378 649 659 672 711 766 849 954 1031 1039 1106 1120 1177 1254 1262 1329 1343 1414 1474 1599 1675 1696 1795 1800 1846 1848 1889 1936 2065 2100 2171 2171 2189 2239 2263 2318 2338
integers
97 152 158 221 445 500 580 707 889 915 932 965 968 970 999 1052 1114 1155 1188 1191 1193 1222 1275 1337 1417 1681 1714 1796 1932 2109 2291
power
97 593 788 1072 1295 1691 2097
tastiness
98
candy
98 467 517 2187
basket
98
overlap
99 1999
self
100 242 650 686
crossing
100 2098
allocate
101
mailboxes
101
stone
102 167 294 413 817 1479 1746 1767 1838 2213 2268
game
102 128 141 167 270 334 404 413 638 713 800 817 852 869 982 1108 1205 1331 1479 1491 1546 1551 1655 1661 1684 1746 1767 1770 1807 1817 1904 1925 1947 1966 1973 1978 1989 2196 2213 2268 2312
viii
102
employees
103 1466 1513 1686 1865 2029 2379
earning
103
their
103 178 1841
managers
103 134
confusion
104
exam
104 617 1550
percentage
105 1512 1958
letter
105 250 625 645 664 767 1514 1588 1976 2214 2260
open
106 978 1201
lock
106
stones
107 280 425 1030 1253 1555 2038 2132
minimize
107 635 737 1048 1271 1621 1659 1677 1739 1781 1866 1917 1982 2058 2239
frequency
108 222 582 622 625 709 1065 1288 1579 1757 2045 2071
stack
108 157 164 503 790 2322
finding
109 253 599 855
3-digit
109
even
109 320 416 500 590 698 970 1193 1935 1951 2035 2037 2134 2156 2226 2247 2293 2300
generated
110
partition
111 112 163 215 446 451 591 635 699 1010 1233 1478 1929 2277 2381 2391
triangle
113 238 364 534 809 913 1607
within
114 563 1051 1274 1366 1534 1643
budget
114 1643
minimized
116
products
116 148 385 434 922 1145 1682 1747
distributed
116
any
116 282 587 695 2397
store
116 806
divisions
117
highest
117 409 554 702 779 1386 1534 1559 1713 1734 1745
score
117 216 279 369 409 431 473 637 639 910 914 919 954 1025 1030 1110 1177 1248 1253 1333 1410 1459 1529 1566 1696 1713 1722 1738 1745 1784 1841 1844 2162 2212 2215 2235 2314
distinct
118 160 497 513 527 831 892 1103 1326 1681 1694 1726 1779 1851 1920 2219
roll
118 1468
sequences
118 208 503 705 2377
indices
119 1076 1090 1299 1313 1634 2037
price
120 681 737 1111 1334 1506 1534 2000
fluctuation
120
sliding
121 233 435 1629
subarray
121 212 216 249 567 598 732 815 849 929 952 998 1006 1050 1070 1122 1138 1141 1152 1175 1221 1229 1273 1293 1345 1361 1364 1443 1481 1484 1536 1670 1709 1772 1793 1888 2062 2158 2234 2331 2397 2400
beauty
121 860 950 1173 1389
break
122 411 859 1384 1456
another
122 544 644 1699 2192
average
123 135 253 462 628 935 1158 1460 1735 1786 1888 1889 1935 2000 2315
process
123 769 1372
per
123 222
machine
123 2015
english
124 645 1774
lonely
126
spiral
127 752 1874 2392
jump
128 320 334 373 638 654 869 1108 1331 1973 2312
vi
128 1767
for
129 159 163 324 346 433 518 541 725 885 894 961 984 1010 1184 1207 1233 1408 1438 1451 1575 1731 1752 1791 1858 1931 2222 2271
ones
129 580 878 1009 1232 1458 1476 1680 2064 2184 2324 2363
rank
130 499 823 1087 1310 1843 1954
transform
130 795 1033 1256 1954
patients
131
condition
131 2022
visiting
133 1882
points
133 754 870 967 972 1100 1126 1190 1195 1323 1349 1465 1488 1721 1721 1780 1893 1933 2023 2113 2191
direct
134
reports
134
set
136 414 874 1371 1997 2074 2177
mismatch
136
swapping
137
graph
138 140 181 355 520 653 764 799 1056 1279 1687 1723 1887 1972 2011 2255 2299 2317
shortest
138 140 614 630 1050 1070 1116 1141 1273 1293 1339 1364 1533 1549 1585 1882 1948 2055 2056 2101 2294 2375
calculator
138 712 793 1510 1587
message
139 1426
cycle
140 799 1914 2081 2302
people
142 383 424 457 544 824 862 895 1879 1983
scramble
143
jumbled
144
rotated
145 410 564 697 944 1167 2089
balanced
146 1539 1575 1764 1944 1964 2041
range
147 332 379 406 428 489 598 668 700 711 963 991 1059 1114 1186 1214 1282 1337 1500 1534 1922 2071 2170 2186 2291 2352 2376
-
147 700 963 1186 1592 1716 1809 1928
mutable
147
recyclable
148
low
148
fat
148
running
149 1930
1d
149 287
customers
150 385
who
150 282 385 872 1101 1324
never
150
patching
151
n
152 317 542 601 777 810 987 1071 1210 1294 1371 1373 1566 1823 1930
unique
152 415 478 486 651 778 999 1001 1007 1053 1078 1136 1222 1224 1230 1276 1301 1359 1552 1695 1719 1775 1801 1829 1905 1936 1977 2006 2289 2305 2357
up
152 1789 2008
zero
152 165 170 174 339 423 445 522 586 775 948 1171 1562 1565 2035 2350
implement
153 790 1419 1965 2017
rand10()
153
using
153 392 480 735 769 790 1419 2066
rand7()
153
text
154 1799
editor
154
vertices
155
guess
156 1974 2099
higher
156 2099
or
156 165 280 297 326 461 735 757 1006 1120 1229 1343 1573 1786 1903 1926 2034 2088 2099 2103 2254
lower
156 645 1984 2099
min
157 1488 1661 2286
xor
159 381 522 531 556 594 668 692 704 976 1199 1392 1409 1481 1492 1543 1568 1638 1739 1807
each
159 412 538 562 609 618 683 725 1033 1098 1139 1256 1321 1362 1470 1625 1775 1791 1847 1858 1927 2052 2252 2379
subsequences
160 819 881 1103 1326 1380 1398 1475 1508 1711 1719 1994 2006 2022 2121 2168 2287 2382
divide
161 295 439 458 566 1626 1664 1714 1859 2265
into
161 287 295 458 478 566 635 699 1069 1107 1292 1330 1478 1508 1642 1833 2053 2084 2265 2277 2367
groups
161 268 295 416 515 543 750 754 996 1219 1525 1733 2070 2123 2265
size
161 273 604 642 895 1026 1027 1249 1250 1772 1786 1851 2074 2179
diagonally
162
there
163 843 2136
build
164 548 623 957 1036 1180 1259 2292
operations
164 170 209 274 275 292 327 363 445 448 471 507 585 691 751 766 976 994 1031 1038 1068 1132 1199 1217 1254 1261 1291 1355 1423 1473 1565 1566 1665 1681 1751 1787 1832 1866 1877 1892 2052 2093 2162 2189 2221 2314 2354
players
165 458 755 759
one
165 319 370 445 735 884 929 979 1009 1081 1082 1138 1152 1202 1232 1304 1305 1361 1710 1949 2004 2031 2050 2075 2243 2267 2346
losses
165
parking
166
parentheses
168 305 306 366 546 609 843 1002 1058 1085 1225 1281 1308 1677 1741 1844 1924 1934 2307
flipping
169 404 1459
reduce
170 507 604 775 1613 2050
x
170 1063 1120 1120 1286 1343 1343 2034
adding
171 664 926 1149 1677
negabinary
171
sentence
172 184 427 459 484 587 656 838 1448
similarity
172
separate
173 1421
triples
174 1464
bitwise
174 363 423 489 594 692 836 1568 1903 2158
arithmetic
175 403 605 676 1433 1446 1716 1938
print
176 357 858 973 1196 2035 2066
local
177 1522
move
178 460 1374 1519 1908 2052 2057
box
178 490 1429 2052 2207
target
178 387 393 533 614 619 621 767 783 785 977 1023 1090 1200 1246 1313 1411 1529 1532 1707 1789 1836 1837 1847 2131 2230 2239
location
178
repeated
179 206 226 249 297 1438 2258 2377
times
179 297 735 872 1467 1520
effort
180
ancestors
181
directed
181 1723
acyclic
181
magic
182 1073 1296 1482 1965
squares
182 382 1511 1541 2169 2306
grid
182 257 464 579 661 678 721 758 792 827 937 942 1100 1105 1160 1165 1323 1328 1403 1473 1646 1655 1773 1823 1864 1907 1956 2056 2136 2232 2243
roads
183 992 1215
are
184 848 924 1091 1114 1147 1314 1337 1750 1758 1911 1935 2225 2241
ascending
184 2234
car
185 837 1615 2217
pooling
185
place
186 1045 1268 1645
flowers
186 289
fertile
187
pyramids
187
land
187 1055 1278
week
188
word
189 234 301 392 400 475 480 516 587 587 630 797 825 1377 1384 1396 1450 1456 1567 1672 1732 1757 1768 1974 2139 2141 2209
ladder
189 516
dota2
190
senate
190
parallel
191 633
courses
191 633
positive
192 352 816 970 1008 1193 1231 1484 1708 1931
its
192 777 2246
negative
192 465 1405 1708
hash
193
maximal
194 798 1087 1310 2314
evaluate
195 673 1850 2242
boolean
195 2138
level
196 274 663 1425 1516 2280
verify
197
preorder
197 267 696 891 997 1220 1553 1736 2164
serialization
197
generate
198 951 1174 1934 2205
random
198 321 741 773 787 907 1062 1285 1486
point
198 412 1062 1285 2034 2378
circle
198 283 1626 1780 1804 2191
wiggle
200 333
wonderful
201
edit
202
distance
202 284 392 437 528 614 684 814 904 1012 1129 1235 1352 1370 1411 1506 1620 1866 2101 2197 2330 2395
monotone
203 719
days
204 317 397 518 565 1071 1294 1366 1518 1769
spent
204 2252
together
204 2369
di
205 541 1020 1243
match
205 226 1622 1736
unequal
207 2321
triplets
207 556 619 980 1203 1827 1938
reinitialize
209
permutation
209 508 623 695 726 1125 1348 1436 1514 1561 2031 2126 2142
less
212 326 910 1006 1229 1926
flower
213
planting
213
no
213 1635 1721 1962 2356
gap
214 2118
factorial
217 1061 1284 2179
trailing
217 570
zeroes
217 1458 2057 2177 2179
triplet
218 619
counting
219 1571
prefix
219 444 473 561 587 613 1043 1266 1543 1749 1899 2079 2139 2245
a's
220
appears
220
before
220 553 953 1176
b's
220
tweet
222
counts
222 2205 2300
lucky
223 730
water
224 262 868 978 1201 1480 1790 2199 2339
bottles
224
stream
225 258 915 1624 1744 1759
iv
227 343 413 496 712 727 869 1546 1809 2137 2163 2392
reverse
228 264 377 416 609 732 756 846 1000 1132 1140 1142 1223 1355 1363 1365 1375 1681 2104 2115 2139 2201 2242 2246 2355
ugly
229 296 349 2337
contaminated
230
capital
231 1447 1576
gain/loss
231
cinema
232
allocation
232
puzzle
233 676 1791
dictionary
234 393 1051 1274 1544 1768 1965
through
234 243 372
deleting
234 1138 1361 1393
snail
235
univalued
236
create
237 372 646 791 1452 2039 2131
components
237 260 430
perimeter
238 2120 2178
concatenated
239 2289
shopping
240
offers
240
achievable
241
transfer
241
requests
241 964 1101 1187 1324 1372
dividing
242
formation
243
concatenation
243 441 783 1109 1332 1952 2264
slowest
244
key
244 1561 1963 2308
doing
245
homework
245
vowel
246 739 1471 2027 2376
greater
247 423 767 849 1120 1343 1400 1606 1786 1855 1964 2010 2149 2163 2171
escape
248 2096 2257
ghosts
248
length
249 297 416 768 831 987 1210 1393 1407 1427 1484 1654 1732 1758 1763 1870 1926 1971 2121 2168 2272 2289 2302 2359 2362
combinations
250 1519 1810
phone
250 1455 1701
top
251 925 1148 1572 1671 2228
frequent
251 362 622 2134 2228 2308
shifting
252 1718
letters
252 846 1119 1342 1718 1738 2323
mk
253
traverse
254 2119
sequence
256 304 508 541 951 1174 1446 1533 1605 1784 2281 2367
width
257 285 312
columns
257 398 670 885 1040 1263 1504
as
258 587 1055 1055 1278 1278 1567 2103
disjoint
258 2277
when
259 502
network
259 328 1087 1310 1577 1630 2093
becomes
259
idle
259
subset
261 544 591 1392 1535
sums
261 533 598 721 815 1569 1602 1795 2393
container
262 1086 1309
contain
263
virus
263
vowels
265 1427 1436 1765 2104 2300
divisibility
266 1110 1333
similar
268 327 1014 1237 1393 1660
backlog
269
play
270 1546
analysis
270 886 1546 1570 2229 2389
i
270 332 518 888 890 893 1570 1729 1868 1888 1968 2029 2149 2291 2389
sequential
271 820
knight
272 1808 2107
chessboard
272 577 795 1519
codes
273
inverse
277
file
278 1136 1359 1601 2288
solving
279 2278
math
279
expression
279 665 1381 1424 1545 1677 1852 2138
removed
280 1050 1273
row
280 984 1019 1098 1207 1242 1321 1470 1602 1740 1949 2064 2254 2324 2374
column
280 421 648 1602 1740 2254 2324 2374
customer
282 1047 1049 1270 1272 1959
visited
282 942 1165 2285
but
282
did
282
not
282 307 544 1889
transactions
282 553 1729 2345
robot
283 449 1609 1646 2059 2066
bounded
283 1581 1813
twitter
286
utf-8
288
validation
288
full
289 789 845 1826 1987
bloom
289 845
backspace
291
compare
291 1394 1579
transformable
292
routes
293 339 1121 1344
weight
294 773 1838
detect
297 678 1576 2169
m
297 1027 1250 1769
trees
298 486 776 1408 1649 1846 1987 1998 2253 2357
factors
298 1726 1898 2005
finish
299 962 1185 1499 2231
race
299 837
complex
302
multiplication
302 1980 2162
fair
303 517 640 716
distribution
303
cookies
303 854
stamping
304 464
invalid
306 2049 2345
boring
307
movies
307
tilt
308
artifacts
309
be
309 366 825 1050 1273 1453 1623 1752 1797 1853 1865 2091
extracted
309
interchangeable
310
rectangles
310 412 780 1062 1285
unable
311
eat
311 317 2187
lunch
311
ramp
312
rows
313 398 885 2083
removable
314
mountain
315 481 679 1137 1360 2078
town
316
judge
316
oranges
317 588
gold
318
differ
319
pick
321 773 1486 2008
blacklist
321
p
322
person
323 715 1012 1235
fit
323
iterator
324 626 901 1583 2316
combination
324 388 423 496 552 1440
merge
325 425 453 619 646 822 832 1014 1022 1066 1088 1237 1245 1289 1311 1649 1884 2021 2371
alternately
325 973 1196
critical
328 930 1153 1893
connections
328
goat
329
latin
329
satisfying
330
inequality
330
vii
334 2268
attendance
335 893
record
335 893
index
336 450 488 1016 1075 1137 1239 1298 1360 1486 1581 1816
occurrence
336 979 1202
primes
337
paths
339 606 637 778 826 989 1007 1212 1230 1532 1658 1824 1870 1956 1977 2046 2147 2188 2319
lead
339
city
339 345 934 1157 1589 1596 1620 2269
subtree
340 362 405 538 628 644
deepest
340 504 1134 1357
destination
341 1115 1338 1589 2388
non-coprime
342
harmonious
344
avoid
345 1878
flood
345 731
penalty
346
shop
346 1650
redundant
347 2361
connection
347 2361
watering
348 748
plants
348 748
short
350
encoding
350
arrows
351
missing
352 438 471 538 816 1466 1485
awesome
353
rearrange
354 422 427 473 1023 1106 1246 1329 1682 2383
sticks
354 354
visible
354 424 972 1195
reachable
355 1495 2378
subdivided
355
recover
356 696 1871
vertically
357
n-queens
359 747
1-bordered
360
hashset
361
apply
363 601 1033 1038 1256 1261 2344
judgement
364
meals
368
compatibility
369
increment
370 1695 2322
submatrices
370 785 878 1476
cat
371 2398
mouse
371 2398
instructions
372 758 1991
frog
373 654 903
decreasing
374 908
levels
377 935 1158
module
379
laser
380
beams
380
bank
380 565 909 928 1151 2262
secret
383 862
ball
384
fall
384 953 1176
bought
385
max
386 478 637 1475 1547 1590 1596 1633 1661 1680 1933 1942 1962 2182 2197 2255 2297 2363
changing
386 1696
increments
387 879
form
387 393 556 619 649 780 1699 1760 1789
divisors
389 873 882 1574
arranging
390
coins
390 440 627 1937 2248
type
392 480 1805
fingers
392
additive
394
allocated
395
dates
397
covered
398 545 1114 1337 1397
restore
399 1540 2185
ip
399 2200 2325
addresses
399 651
postorder
401 1653 2012 2164
card
404
removal
405 745 1795
excel
406 421 648
sheet
406 421 648
mutating
407
absolute
408 498 665 714 993 1006 1216 1229 1601 2161 2370 2397
rotation
409 1623
containing
412 1721 1895 2224 2300
bits
414 1369 1417 1571 2201 2226 2311
representation
414 2050 2142
morse
415
code
415 584
sleep
417
flips
420 1573 1666 2206 2349 2350
alternating
420 691 1092 1315 1369 1428 1771 1960 2294
spaces
422 926 1149
queue
424 572 581 801 1419 2013
complete
430 470 864 1591 2256 2290
triangulation
431
polygon
431 1815
rational
432
coprime
434
climbing
436 2286
stairs
436 2286
traveled
437
observations
438
collect
440 1667 1825 2120
occurrences
442 865 1053 1128 1276 1351 1588 1753
encode
443
tinyurl
443
bit
445 1872 2206 2349
subsets
446 574 610 835 1432 1450 1867 1869
snakes
447
ladders
447
walking
449 2059
simulation
449 1468 2059
optimal
451 2151
operators
452 1381
express
452
diminishing-valued
455
colored
455 924 1147 2159
balls
455 1694 1916 2014 2052 2207
put
456
marbles
456
bags
456 789
boats
457
save
457
skill
458
sorting
459 1090 1313 2018
pieces
460 924 1147 1857
obtain
460 967 1190 1565
without
461 580 947 1170 1737
aaa
461
bbb
461
soup
463
servings
463
non
465
single-threaded
466
cpu
466
successful
468
spells
468
potions
468
multiples
469
rounds
470 759 1826
tasks
470 688 769 962 1185 1499 1591
non-negative
471 580
champagne
472
tower
472
solve
474
equation
474 1590 1931
my
476 888 1131 1354
calendar
476 888 1131 1354
k-mirror
477
trim
479
typewriter
480
removals
481 999 1222 1631 2212
variance
482
keep
483 1596 2255
multiplying
483
found
483 514
pangram
484
fizz
485 2237
buzz
485 2237
only
487 846
1s
487
categorize
490
according
490 1929
criteria
490
invert
491
univalue
492
nesting
493 1058 1085 1281 1308
sequentially
499
ordinal
499
tracker
499 2045
gas
501
station
501
bricks
502
falling
502 1511 2166 2172
hit
502
validate
503 1663 1818 2325
leaves
504 600 1134 1357 2328
asteroid
506
collision
506
0
507
averages
510 513 2400
russian
512
doll
512
envelopes
512
sentences
514 1652
special-equivalent
515
swap
517 708 971 1194 1438 1497 1866 1909 2004 2031
user
518
activity
518
past
518
30
518
3sum
519 1028 1251 1913
multiplicity
519
buckets
521
feed
521
hamsters
521
nth
523 603 779 1685 1872
magical
523 2116
4sum
525 1498
nearest
526 2034
exit
526
entrance
526
maze
526 2096
echo
527
stops
528 563 706
promise
529 761
pool
529
boxes
530 974 1197 1461 1694 2216
coordinate
531 1577 2034
examinations
532
pascal's
534 809
rating
535 2040
complement
536 1554
memory
539 2342
allocator
539
capitalize
540
title
540 648
factor
542 1026 1249
booking
543
concert
543
whose
544 606 1686 2336
favorite
544 2187 2187
companies
544
white
545 1029 1252
tiles
545 1029 1252
carpet
545
washing
547
machines
547
masking
549
personal
549
information
549 1466
strong
550 2061
password
550 2061
checker
550 990 1213 2061
required
553 826
scores
554 561 1843 2069
poor
558
pigs
558
surface
559
area
559 592 1095 1318 1390 1439 1463 1607 1721 1942 2073
3d
559 1095 1318
shapes
559 1095 1318
right
560 683 1021 1102 1139 1244 1325 1362 1927 2100
interval
560 1521 1600 1625 2340 2352
wear
562
hats
562
other
562
cheapest
563
flights
563
rob
565
nice
567 873 912 1382 1383
surrounded
568
regions
568 966 1189
zeros
570 832 2007 2184 2324
cornered
570
bulb
571 1395
switcher
571 1395
front
572
back
572
odds
573
additions
576
color
577 924 1147 1723 1800
painting
579 2347
colors
579 658 1401 2294
gray
584
occurs
587
rotting
588
boomerangs
589
mini
595
parser
595 662 723
deletions
597 805 1539 1706 1905
users
599 899 1632 1958
active
599
minutes
599
every
601 1740
end
603
half
604
lfu
608
cache
608 828 1557
pair
609 684 1129 1352 1702 1781 2272 2297
square-free
610
boomerang
611
parity
612 1648 2143
happy
613 987 1079 1210 1302 1669
pass
615 2315
pillow
615
gcd
616 2210
taking
617
obstacle
618 745
position
618 903 961 1184 1374 1792 2223 2259
koko
620
eating
620
bananas
620
equals
621 1396 1536 2236
comments
624
equalize
625
rle
626
detonate
629
bombs
629
completing
630
isomorphic
631
cousins
632 1017 1240
speed
634
arrive
634 1502 2388
diameter
636
splitting
639 1528 1833
n-repeated
642
2n
642
biggest
643 721
single
643 646 677 724 1912 2063
upper
645
case
645 1514 1984
bsts
646
depth
647 794 1058 1085 1281 1308 1437
n-ary
647 997 1220 1653 2280
except
650
email
651
star
653 1972
majority
655 1793 2343
truncate
656
furthest
658 1530
houses
658 1645
filter
659 1506
exclusive
660
functions
660
unguarded
661
html
662
entity
662
obtained
664 695 1623
handling
666
update
666
corresponding
667
clone
667 1687
fruits
669 1527
harvested
669
steps
669 775 877 1045 1268 1689 1862 2001 2050 2259
bonus
671 1391
bracket
673
corporate
674
flight
674
bookings
674
coprimes
675
verbal
676
cycles
678
3-same-digit
680
date
681 922 1145 1404
fix
682
names
682 1136 1359
populating
683 1927
next
683 726 1400 1606 1855 1927 1964 2149 2163
pointers
683 1927
degree
685 1056 1279
smaller
686 1750 2171
69
687
assign
688 854
pickup
689 1054 1277 1811
delivery
689 1083 1306
options
689
neighboring
692
buddy
693
lexicographical
694 987 1210 1560 1730
edges
698 930 1153 2255
degrees
698
immutable
700 963 1186
altitude
702
tenth
703
hidden
705 995 1218
refueling
706
salary
708 779 1386 1418 1460 1460 1559
symmetric
710
covering
711 1029 1252
lists
711 1088 1311 1412 1816 1884 2021
basic
712 793 1587
elimination
713 2056
sales
715 886 1570 2229
been
717
rooms
717 1097 1320 2251 2292
flip
719 787 885 1736 2075 2253
rhombus
721
senior
722
citizens
722
goal
723
interpretation
723
primary
725
department
725 1559 1572 1668
house
727 1444 1593 1830 2144
robber
727 1444 1830 2144
empty
728
bipartition
729
fill
731 2364
divisor
733 883 1684 1939
alert
735
key-card
735
hour
735
period
735 1747
strength
736
wizards
736
trips
737 899 2256
camelcase
738
matching
738 755 931 1154 1380 1424 2002 2303
spellchecker
739
copy
741
pointer
741
lemonade
742
change
742 1710 1821 1852 1906 2105
skyline
743 1596
problem
743 1480
corner
745
worked
746
task
746 1041 1264 2028
erect
749
fence
749
select
753
buildings
753
connect
754 1488
trainers
755
k-group
756
impossible
757 1533
execution
758
suffix
758 1666 2079
staying
758
earliest
759 845
compete
759
limit
761 828 1006 1229 1426 1542 1916
write
762
greatness
763
connectivity
764
threshold
764 849 883 1620 1786 1926
reduction
766
fibonacci
768 856 951 1174 2336 2367
servers
769 964 1112 1187 1335
palindromic
770 955 1024 1178 1247 1563 1610 1711 1994 2006 2080 2121 2359 2382
daily
771 920 1143
leads
771
partners
771
suggestions
772
snapshot
774
double
777 2112
exist
777
brace
784
expansion
784
brick
786
wall
786
capacity
789 1366
rocks
789
queues
790
descriptions
791
json
796 1580
deep
796
substitutions
797
baseball
800
reconstruction
801
splitted
802
block
804
based
806 824 1426
key-value
806
k-sum
807 1633
representing
810
1
810 1031 1254 1417 2311
throne
811
inheritance
811
online
812 875 1793
election
812
memoize
813 1798
hamming
814 1866 2395
resultant
818
removing
818 1030 1073 1133 1253 1296 1356 1387 1407 2065 2235
anagrams
818 847 1449 1490
destroy
820
targets
820
differences
821 1102 1325 2161 2282
accounts
822
votes
823
statements
824
placed
825
crossword
825
weighted
826
subgraph
826
arrange
827
minesweeper
830
numeric
833
ors
836
earn
839 870
chunk
840
shuffle
841 1483 2094 2153
limited
842 1870
equivalent
848 2102 2220 2225 2253
varying
849
authentication
850
manager
850 1686 2202
closed
851
islands
851 2047 2283
nim
852
non-increasing
853
certain
855
followers
861
aware
862
kids
863
inserter
864
bigram
865
serialize
866 1902
deserialize
866 1902
trapping
868 2199
rain
868 2199
flatten
871 1583 1608 2351
actors
872
directors
872
cooperated
872
cooking
874
span
875
hire
876 1676
workers
876 1676
anagram
877 1689 2090
relative
880 2176
ranks
880
starting
887
leaf
887 898 1472 2147 2250 2298
append
889 2145
minimal
889
win
890 902 2130
available
894
captures
894
rook
894
group
895 895 922 1027 1113 1118 1145 1250 1336 1341 1449 1531 2369
they
895
belong
895
sign
896 1106 1329 1614
bitset
897
root
898 1005 1228 1472 2147 2236
interleaving
900
peeking
901
t
903
seconds
903
profitable
906 2180
schemes
906
rearranging
908 1527
leetcode
909
cities
914 2197
hashmap
916
erasure
917
exchange
918
seats
918
spliced
919
temperatures
920 1143
completeness
921 1144
sold
922 1145
lcp
923 1146
both
924 1147
neighbors
924 1147 1620 1889
travellers
925 1148
naming
927 1150
company
927 1150 1686
account
928 1151
summary
928 1151 2334
deletion
929 1152
pseudo-critical
930 1153
spanning
930 1153
rule
931 1154
distances
933 1156 2279 2323
scheduling
934 1157 2366
132
936 1159
shift
937 1160
darts
939 1162
inside
939 1162 1780 2191
dartboard
939 1162
bottom
940 1163
left
940 1102 1139 1163 1325 1362 1686 2328
streak
943 1166
watch
946 1169
subtracting
948 1171
amounts
948 1171
third
949 1172
turbulent
952 1175
moment
953 1176
ants
953 1176
out
953 1176 1863 2046
plank
953 1176
marking
954 1177
counter
956 1077 1179 1300
comparisons
957 1180
take
958 1139 1181 1362
gifts
958 1181
richest
958 1049 1181 1272
pile
958 1181
negations
960 1183
service
961 1184
centre
961 1184
initial
962 1185
energy
962 1185
handled
964 1187
cut
966 1189 1408 1990
slashes
966 1189
cards
967 1063 1190 1286 2008 2086
domino
969 984 1192 1207 2102
tromino
969 1192
tiling
969 1192 2306
foobar
973 1196
temperature
975 1032 1198 1255
function
977 1080 1200 1303 1452 1489 1690 1707 2179 2270 2346
calls
977 1200 2310
taps
978 1201
garden
978 1201 2120
sub-tree
983 1206
label
983 1206
rotations
984 1207 1837
k-th
987 1129 1210 1352 1507 1560 2043
friends
988 1101 1211 1324 1918 2384
appropriate
988 1211
ages
988 1211
k-increasing
994 1217
replacing
995 1218 2005
entering
996 1219
competition
996 1126 1219 1349 2130
ranges
998 1221 1471 1531 2334
wraparound
1001 1224
deque
1003 1226
continuous
1006 1070 1229 1293 1443 1665 1678 1971
diff
1006 1229
step
1008 1008 1231 1231
has
1009 1101 1232 1324 1454 2034
segment
1009 1232 1631
satisfiability
1013 1236
equality
1013 1236
equations
1013 1236
poker
1015 1238
hand
1015 1238 2155
decoded
1016 1239
keyboard
1019 1242 1891
side
1021 1244 1926 2100
view
1021 1244
component
1026 1249
carpets
1029 1252
rising
1032 1255 1790
over
1033 1256
long
1034 1257 1664
pressed
1034 1257
name
1034 1257
atoms
1035 1258
conditions
1036 1259 1710 2053
k-diff
1037 1260
scheduler
1041 1264 2028
alphabet
1042 1265 2190
mapping
1042 1265
uploaded
1043 1266
subpath
1044 1267
stay
1045 1268
some
1045 1268 2065
video
1046 1269 1854
stitching
1046 1269
referee
1047 1270
malware
1048 1271 1659
spread
1048 1271 1659
wealth
1049 1272
edits
1051 1274
powerful
1052 1275
cherry
1054 1277 1811
far
1055 1278
connected
1056 1279 2093
trio
1056 1279
object
1060 1283 1580
instance
1060 1283
class
1060 1283
clumsy
1061 1284
kind
1063 1286
deck
1063 1286
pyramid
1064 1287
transition
1064 1287
summing
1066 1289
arrangement
1067 1290 1647 2067
space
1068 1291 1776
wasted
1068 1291 1776
resizing
1068 1291
insert
1069 1292 1597 1928 2223 2340
unsorted
1070 1293
prison
1071 1294
reordered
1072 1295
2
1072 1295 1373 1891
beans
1073 1296
addition
1074 1297 1500 2394
pivot
1075 1298 1929 2358
marked
1076 1299
composition
1080 1303
strictly
1081 1304 1683 2080 2171
immediate
1083 1306
zero-filled
1084 1307
pow(x,
1093 1316
n)
1093 1316
remapping
1094 1317
projection
1095 1318
year
1096 1319 2194
meeting
1097 1320 1502 1865
friend
1101 1324 1372
ii:
1101 1324
cyclically
1105 1328
rotating
1105 1328 1429
deci-binary
1107 1330
communicate
1112 1335
3
1117 1340 1823
even-valued
1123 1346
grandparent
1123 1346
archery
1126 1349
floored
1127 1350
01
1130 1353
multiply
1135 1358
making
1136 1359 1496
1's
1138 1361 1758 2369
ship
1366
packages
1366
d
1366
units
1367 2276
ideal
1368 2295
restricted
1372 2188
egg
1373 1494
drop
1373 1494
eggs
1373
floors
1373 1737 1737
chips
1374
stars
1387
punishment
1388
gardens
1389
totals
1392
ends
1393
summation
1396
non-decreasing
1398 2001 2082
transaction
1402
fee
1402
fish
1403
reformat
1404 1455 1668 1995
off
1408
golf
1408
event
1408 2320
k-concatenation
1413
appearing
1415
25%
1415
predict
1416
winner
1416 1551 1817 1904 2196
categories
1418
stacks
1419 1742
difficulty
1420
job
1420 2366
regular
1424
confirmation
1430
rate
1430
prototype
1431
slices
1433 1716 2033
thousand
1434
separator
1434
reshape
1435
piece
1439
cake
1439
horizontal
1439
cuts
1439 1626
rungs
1441
simplify
1442
smooth
1445
descent
1445
periods
1445
progression
1446
fuel
1447
report
1447 2379
operation
1451 1477 1492 2322
hello
1452
world
1452
attended
1453 1853 1958
excluding
1460
delivering
1461
storage
1461
ports
1461
debounce
1462
reaching
1465
clock
1467 1704
dice
1468
uni-value
1473
dot
1475
subtraction
1477 2394
jug
1480
advantage
1483
big
1487
countries
1487
losers
1491
arrangements
1493
restrictions
1495
large
1496 1785 2096 2123
island
1496 1518 1942 2178
work
1499 1731 2403
sessions
1499
reorganize
1501
skips
1502
tic-tac-toe
1503
state
1503
chunked
1505
decomposition
1505
restaurants
1506
vegan-friendly,
1506
symbol
1507
grammar
1507
inorder
1509 1553 2012
broken
1510
quality
1512 1577 1887
inform
1513
k-similar
1515
zigzag
1516 1675 1840 1896 2085
disconnect
1518 2075
prefix-aligned
1520
intersections
1521
global
1522
inversions
1522
cracking
1523
safe
1523 1885
custom
1524 1690
farmland
1525
browser
1526
history
1526
four
1528 1574 1691
building
1530 1594 1996 2216
overlapping
1531 1804
source
1532
rolls
1533
ranked
1534
pens
1537
pencils
1537
throttle
1538
repeat
1542
verifying
1544
alien
1544
parse
1545
lisp
1545
chunks
1547 2182
mode
1548
tic
1551
tac
1551
toe
1551
10
1554
moving
1555 2038
until
1555 2038
-2
1556
lru
1557
filling
1558
bookcase
1558
shelves
1558
monotonic
1564
appear
1567 2260
pairings
1568
salaries
1572
b
1573
c
1573
n-th
1578
tribonacci
1578
human
1582
traffic
1582
stadium
1582
nested
1583 1957 2351
h-index
1584 2077
k-length
1588
input
1592 1809
paint
1593 1823
increase
1596
getrandom
1597 1928
o(1)
1597 1928
well-performing
1600
complementary
1603
xored
1604 2126
fancy
1605 2167
multilevel
1608
doubly
1608
return
1609 1950
origin
1609 2023
subtract
1611
transformation
1613
plus
1614 2267
fleet
1615 2217
login
1616
2020
1616
rabbits
1617
forest
1617 1950
excellent
1618
repair
1619
cars
1619 2224
whether
1623 2225
ordered
1624 1747
include
1625
everyone
1627
unoccupied
1628
chair
1628
delay
1630
e-mails
1632
k-distant
1634
burgers
1635
waste
1635
ingredients
1635
o`one
1637
structure
1637 2165
skiplist
1640
prefixes
1641 1722
fruit
1642
baskets
1642
robots
1643
cooldown
1644
homecoming
1646
final
1650 1787 1852
prices
1650 2344
battleships
1651
board
1651 1920 2190
uncommon
1652 1868 2032
sufficient
1657
team
1657 1900 2356
corridor
1664
apples
1667 2120 2360
reward
1671
sender
1672
squared
1673
pow
1674
decrease
1675
smoother
1679
partitions
1688 1806
call
1690 2346
context
1690
topmost
1692
having
1694
emails
1697 2208
lcm
1698
concatenating
1699 1976
constrained
1700
sightseeing
1702
angle
1704
hands
1704 1783
rope
1705
colorful
1705
mysterious
1707
satisfy
1710 2022
7
1712
twin
1715
tuple
1717
sub-arrays
1720 1786 1847
widest
1721
toeplitz
1724
consistent
1725
destroying
1727
asteroids
1727
queens
1728
attack
1728
king
1728
monthly
1729
weeks
1731
which
1731 2379
getting
1733
fresh
1733
donuts
1733
map
1734 1743
waiting
1735
formed
1738 1797
dinner
1742
plate
1742
edge
1745 1870 2317
v
1746 1973
quadruplets
1748 1814
how
1750
many
1750
current
1750
lexicographically
1751 1860 2066 2220 2281 2390
applying
1751 2314
infected
1752
balance
1754 2307
replacements
1755
dessert
1756
places
1758
away
1758
bulls
1762
cows
1762
sqrt(x)
1766
bouquets
1769
dungeon
1770
changes
1771
reconstruct
1774 2016 2261 2404
subjects
1775
taught
1775
teacher
1775
packaging
1776
expressive
1778
x-matrix
1782
couples
1783
holding
1783
statistics
1785
sample
1785
variable
1787
performing
1787 2162
subdomain
1788
visit
1788 1907
swim
1790
it
1794 2122
straight
1794
justification
1799
strongest
1802
great
1806 2385
chalkboard
1807
tour
1808
configuration
1808
tallest
1812
billboard
1812
collisions
1815 1945
monkeys
1815
coin
1821 1906

1823
pseudo-palindromic
1824
garbage
1825
played
1826
id
1829
identifier
1829
appeal
1831
descending
1833
repetitions
1834
eliminate
1835
monsters
1835
submatrix
1839
rearrangements
1839
mirror
1842
reflection
1842
chain
1845 2272
represent
1849
chart
1849
division
1850 2151
popular
1854
creator
1854
transpose
1856 2288
selling
1857 2000
wood
1857
item
1858
fraction
1861 2043 2394
recurring
1861
decimal
1861
illumination
1864
invited
1865
bitwise-or
1869
checking
1870
existence
1870
crawler
1876
folder
1876
?'s
1878
triangular
1883
eventual
1885
states
1885
xor-beauty
1890
keys
1891 2251 2375
halve
1892
push
1894
dominoes
1894
conversion
1896
labels
1897 2381
performance
1900
growth
1901
bowling
1904
frequencies
1905
cell
1907
legal
1908
lr
1909
matches
1910
tournament
1910
close
1911
bag
1916 2148
unhappy
1918
hills
1919
valleys
1919
texts
1921
abbreviating
1922
incompatibility
1923
outermost
1924
zuma
1925
allowed
1928
computers
1930
solution
1931
no-zero
1932
enclaves
1940
compression
1941 2227
sudoku
1943 2174
road
1945
24
1947
superstring
1948
movie
1953 2040
rental
1953
generator
1957
contest
1958
placing
1959
provinces
1961
larger
1962
license
1963
formatting
1963
numerically
1964
weak
1966
article
1968
views
1968
dining
1969
philosophers
1969
distant
1970
barcodes
1970
alphabetical
1971
center
1972
life
1978
heaters
1981
deviation
1982
teach
1983
new
1989
21
1989
stick
1990
ambiguous
1992
coordinates
1992
delayed
1993
arrival
1993
h2o
1996
infinite
1997
leaf-similar
1998
wildcard
2002
length-3
2006
unreachable
2011
undirected
2011
orderly
2013
magnetic
2014
force
2014
atm
2015
trie
2017
(prefix
2017
tree)
2017
pancake
2018
defuse
2020
bomb
2020
project
2029
competitive
2030
previous
2031
pizza
2033 2244
3n
2033
y
2034
independently
2037
1-bit
2044
2-bit
2044
boundary
2046
tweets
2049
k-beauty
2054
supersequence
2055
obstacles
2056
rings
2060
rods
2060
min-product
2062
mean
2065
built
2069
respecting
2070
dependencies
2070
subtrees
2072 2197
recipes
2076
supplies
2076
weakest
2083
labelled
2085
reveal
2086
enemy
2091
forts
2091
captured
2091
ipo
2092
say
2095
heroes
2097
logical
2103
grids
2103
represented
2103
quad-trees
2103
wrapper
2106
dialer
2107
reversal
2112
sub-folders
2114
filesystem
2114
hourglass
2117
enough
2120
ransom
2125
note
2125
curry
2127
folders
2128
slanted
2129
ciphertext
2129
hours
2130
training
2130
jewels
2132
parsing
2138
stickers
2141
spell
2141
insufficient
2147
tokens
2148
tag
2150
validator
2150
parenthesis
2152
jumps
2154 2284
home
2154
straights
2155
histogram
2157
simplified
2173
fractions
2173
solver
2174
earnings
2175
taxi
2175
preimage
2179
longer
2184
contiguous
2184 2296
your
2187 2187 2384
day?
2187
lattice
2191
step-by-step
2192
directions
2192
music
2193
playlists
2193
population
2194
fixed
2195 2362
bounds
2195
defanging
2200
address
2200 2325
reservation
2202
grumpy
2204
bookstore
2204
owner
2204
lengths
2209
ix
2213
tile
2214
possibilities
2214
decompress
2218
run-length
2218
ascii
2222
illegal
2224
goods
2224
almost
2225
mutated
2230
jobs
2231
happiness
2232
multithreaded
2237
chosen
2239
widths
2240
halves
2241
alike
2241
polish
2242
notation
2242
cutting
2244
piles
2248
completely
2254
painted
2254
fully
2255
traversable
2255
spreading
2257
fire
2257
2-row
2261
simple
2262
identical
2263
powered
2269
cancellable
2270
redistribute
2274
profit
2275 2366 2403
operating
2275
centennial
2275
wheel
2275
truck
2276
questions
2278
brainpower
2278
objects
2282 2386
sub
2283
sideway
2284
sector
2285
track
2285
gcds
2287
choose
2291
ant
2292
colony
2292
bipartite?
2299
hexadecimal
2301
matchsticks
2304
fewest
2306
insertions
2307
following
2308
recent
2310
ratio
2315
modify
2317
weights
2317
non-zero
2318
costs
2319
emitter
2320
loud
2327
rich
2327
pruning
2329
minimums
2331
reducing
2333
dishes
2333
pacific
2339
atlantic
2339
flow
2339
incremental
2342
leak
2342
allow
2346
describe
2347
mice
2348
cheese
2348
deeply
2351
disappeared
2353
conflicts
2356
eaten
2360
cups
2364
asterisks
2368
array-form
2372
dna
2377
subrectangle
2380
watched
2384
videos
2384
(atoi)
2387
market
2389
such
2391
k-subarray
2393
cameras
2396
squareful
2399
radius
2400
assigning
2403
itinerary
2404
